44 95 80
45 95 80
46 95 80
47 95 80
48 95 80
49 95 80
50 95 80
51 95 80
52 95 80
52 94 80
52 93 80
52 92 80
52 91 80
52 90 80
52 89 80
52 88 80
52 87 80
52 86 80
52 85 80
52 84 80
52 83 80
52 82 80
52 81 80
52 80 80
52 79 80
52 78 80
52 77 80
52 76 80
52 75 80
52 74 80
52 73 80
52 72 80
52 71 80
52 70 80
52 69 80
52 68 80
52 67 80
52 66 80
52 65 80
52 64 80
50 26 80
51 26 80
52 26 80
52 27 80
52 28 80
52 29 80
52 30 80
52 31 80
52 32 80
52 33 80
52 34 80
52 35 80
52 36 80
52 37 80
52 38 80
52 38 80
52 39 80
52 39 80
52 40 80
52 40 80
52 40 80
52 41 80
52 41 80
52 41 80
52 41 80
52 42 80
52 42 80
52 42 80
52 42 80
52 42 80
52 43 80
52 43 80
52 43 80
52 43 80
52 43 80
52 43 80
52 44 80
52 44 80
52 44 80
52 44 80
52 44 80
52 44 80
52 44 80
52 45 80
52 45 80
52 45 80
52 45 80
52 45 80
52 45 80
52 45 80
52 45 80
52 46 80
52 46 80
52 46 80
52 46 80
52 46 80
52 46 80
52 46 80
52 46 80
52 47 80
52 47 80
52 47 80
52 47 80
52 47 80
52 47 80
52 47 80
52 47 80
52 47 80
52 48 80
52 48 80
52 48 80
52 48 80
52 48 80
52 48 80
52 48 80
52 48 80
52 48 80
52 49 80
52 49 80
52 49 80
52 49 80
52 49 80
52 49 80
52 49 80
52 49 80
52 50 80
52 50 80
52 50 80
52 50 80
52 50 80
52 50 80
52 50 80
52 50 80
52 51 80
52 51 80
52 51 80
52 51 80
52 51 80
52 51 80
52 51 80
52 52 80
52 52 80
52 52 80
52 52 80
52 52 80
52 52 80
52 53 80
52 53 80
52 53 80
52 53 80
52 53 80
52 54 80
52 54 80
52 54 80
52 54 80
52 55 80
52 55 80
52 55 80
52 55 80
52 56 80
52 56 80
52 56 80
52 57 80
52 57 80
52 58 80
52 58 80
52 59 80
52 59 80
52 60 80
52 61 80
52 62 80
52 63 80
17 100 80
18 100 80
19 100 80
20 100 80
21 100 80
22 100 80
23 100 80
24 100 80
25 100 80
26 100 80
27 100 80
28 100 80
28 100 80
29 100 80
29 100 80
30 100 80
30 100 80
31 100 80
31 100 80
32 100 80
32 100 80
33 100 80
33 100 80
34 100 80
34 100 80
35 100 80
35 100 80
36 100 80
37 100 80
38 100 80
39 100 80
40 100 80
41 100 80
42 100 80
43 100 80
44 100 80
44 99 80
44 98 80
44 97 80
44 96 80
105 163 80
106 163 80
107 163 80
108 163 80
109 163 80
110 163 80
111 163 80
112 163 80
113 163 80
114 163 80
115 163 80
116 163 80
116 163 80
116 162 80
116 162 80
116 161 80
116 161 80
116 160 80
116 160 80
116 160 80
116 159 80
116 159 80
116 159 80
116 158 80
116 158 80
116 158 80
116 158 80
116 157 80
116 157 80
116 157 80
116 157 80
116 156 80
116 156 80
116 156 80
116 156 80
116 156 80
116 155 80
116 155 80
116 155 80
116 155 80
116 155 80
116 155 80
116 154 80
116 154 80
116 154 80
116 154 80
116 154 80
116 154 80
116 154 80
116 154 80
116 153 80
116 153 80
116 153 80
116 153 80
116 153 80
116 153 80
116 153 80
116 153 80
116 153 80
116 153 80
116 153 80
116 152 80
116 152 80
116 152 80
116 152 80
116 152 80
116 152 80
116 152 80
116 152 80
116 152 80
116 152 80
116 152 80
116 152 80
116 152 80
116 151 80
116 151 80
116 151 80
116 151 80
116 151 80
116 151 80
116 151 80
116 151 80
116 151 80
116 151 80
116 151 80
116 151 80
116 151 80
116 151 80
116 151 80
116 151 80
116 150 80
116 150 80
116 150 80
116 150 80
116 150 80
116 150 80
116 150 80
116 150 80
116 150 80
116 150 80
116 150 80
116 150 80
116 150 80
116 150 80
116 150 80
116 150 80
116 150 80
116 150 80
116 150 80
116 150 80
116 149 80
116 149 80
116 149 80
116 149 80
116 149 80
116 149 80
116 149 80
116 149 80
116 149 80
116 149 80
116 149 80
116 149 80
116 149 80
116 149 80
116 149 80
116 149 80
116 149 80
116 149 80
116 149 80
116 149 80
116 149 80
116 149 80
116 148 80
116 148 80
116 148 80
116 148 80
116 148 80
116 148 80
116 148 80
116 148 80
116 148 80
116 148 80
116 148 80
116 148 80
116 148 80
116 148 80
116 148 80
116 148 80
116 148 80
116 148 80
116 148 80
116 148 80
116 148 80
116 148 80
116 148 80
116 148 80
116 148 80
116 147 80
116 147 80
116 147 80
116 147 80
116 147 80
116 147 80
116 147 80
116 147 80
116 147 80
116 147 80
116 147 80
116 147 80
116 147 80
116 147 80
116 147 80
116 147 80
116 147 80
116 147 80
116 147 80
116 147 80
116 147 80
116 147 80
116 147 80
116 147 80
116 147 80
116 147 80
116 146 80
116 146 80
116 146 80
116 146 80
116 146 80
116 146 80
116 146 80
116 146 80
116 146 80
116 146 80
116 146 80
116 146 80
116 146 80
116 146 80
116 146 80
116 146 80
116 146 80
116 146 80
116 146 80
116 146 80
116 146 80
116 146 80
116 146 80
116 146 80
116 146 80
116 146 80
116 145 80
116 145 80
116 145 80
116 145 80
116 145 80
116 145 80
116 145 80
116 145 80
116 145 80
116 145 80
116 145 80
116 145 80
116 145 80
116 145 80
116 145 80
116 145 80
116 145 80
116 145 80
116 145 80
116 145 80
116 145 80
116 145 80
116 145 80
116 145 80
116 145 80
116 144 80
116 144 80
116 144 80
116 144 80
116 144 80
116 144 80
116 144 80
116 144 80
116 144 80
116 144 80
116 144 80
116 144 80
116 144 80
116 144 80
116 144 80
116 144 80
116 144 80
116 144 80
116 144 80
116 144 80
116 144 80
116 144 80
116 144 80
116 143 80
116 143 80
116 143 80
116 143 80
116 143 80
116 143 80
116 143 80
116 143 80
116 143 80
116 143 80
116 143 80
116 143 80
116 143 80
116 143 80
116 143 80
116 143 80
116 143 80
116 143 80
116 143 80
116 143 80
116 142 80
116 142 80
116 142 80
116 142 80
116 142 80
116 142 80
116 142 80
116 142 80
116 142 80
116 142 80
116 142 80
116 142 80
116 142 80
116 142 80
116 142 80
116 142 80
116 141 80
116 141 80
116 141 80
116 141 80
116 141 80
116 141 80
116 141 80
116 141 80
116 141 80
116 141 80
116 141 80
116 141 80
116 141 80
116 140 80
116 140 80
116 140 80
116 140 80
116 140 80
116 140 80
116 140 80
116 140 80
116 140 80
116 140 80
116 139 80
116 139 80
116 139 80
116 139 80
116 139 80
116 139 80
116 139 80
116 138 80
116 138 80
116 138 80
116 138 80
116 138 80
116 138 80
116 137 80
116 137 80
116 137 80
116 137 80
116 136 80
116 136 80
116 136 80
116 136 80
116 135 80
116 135 80
116 135 80
116 134 80
116 134 80
116 134 80
116 133 80
116 133 80
116 133 80
116 132 80
116 132 80
116 131 80
116 131 80
116 130 80
116 130 80
116 129 80
116 128 80
116 127 80
116 126 80
134 48 80
133 48 80
132 48 80
131 48 80
130 48 80
129 48 80
128 48 80
127 48 80
126 48 80
126 48 80
125 48 80
125 48 80
124 48 80
124 48 80
123 48 80
123 48 80
123 48 80
122 48 80
122 48 80
122 48 80
121 48 80
121 48 80
121 48 80
121 48 80
120 48 80
120 48 80
120 48 80
120 48 80
119 48 80
119 48 80
119 48 80
119 48 80
119 48 80
118 48 80
118 48 80
118 48 80
118 48 80
118 48 80
117 48 80
117 48 80
117 48 80
117 48 80
117 48 80
117 48 80
116 48 80
116 48 80
116 48 80
116 48 80
116 48 80
116 48 80
115 48 80
115 48 80
115 48 80
115 48 80
115 48 80
115 48 80
114 48 80
114 48 80
114 48 80
114 48 80
114 48 80
114 48 80
114 48 80
113 48 80
113 48 80
113 48 80
113 48 80
113 48 80
113 48 80
113 48 80
112 48 80
112 48 80
112 48 80
112 48 80
112 48 80
112 48 80
112 48 80
111 48 80
111 48 80
111 48 80
111 48 80
111 48 80
111 48 80
111 48 80
110 48 80
110 48 80
110 48 80
110 48 80
110 48 80
110 48 80
110 48 80
110 48 80
109 48 80
109 48 80
109 48 80
109 48 80
109 48 80
109 48 80
109 48 80
109 48 80
108 48 80
108 48 80
108 48 80
108 48 80
108 48 80
108 48 80
108 48 80
108 48 80
107 48 80
107 48 80
107 48 80
107 48 80
107 48 80
107 48 80
107 48 80
107 48 80
107 48 80
106 48 80
106 48 80
106 48 80
106 48 80
106 48 80
106 48 80
106 48 80
106 48 80
106 48 80
105 48 80
105 48 80
105 48 80
105 48 80
105 48 80
105 48 80
105 48 80
105 48 80
105 48 80
104 48 80
104 48 80
104 48 80
104 48 80
104 48 80
104 48 80
104 48 80
104 48 80
104 48 80
103 48 80
103 48 80
103 48 80
103 48 80
103 48 80
103 48 80
103 48 80
103 48 80
102 48 80
102 48 80
102 48 80
102 48 80
102 48 80
102 48 80
102 48 80
102 48 80
101 48 80
101 48 80
101 48 80
101 48 80
101 48 80
101 48 80
101 48 80
101 48 80
100 48 80
100 48 80
100 48 80
100 48 80
100 48 80
100 48 80
100 48 80
100 48 80
99 48 80
99 48 80
99 48 80
99 48 80
99 48 80
99 48 80
99 48 80
99 48 80
98 48 80
98 48 80
98 48 80
98 48 80
98 48 80
98 48 80
98 48 80
98 48 80
98 48 80
97 48 80
97 48 80
97 48 80
97 48 80
97 48 80
97 48 80
97 48 80
97 48 80
97 48 80
97 48 80
96 48 80
96 48 80
96 48 80
96 48 80
96 48 80
96 48 80
96 48 80
96 48 80
96 48 80
96 48 80
96 48 80
95 48 80
95 48 80
95 48 80
95 48 80
95 48 80
95 48 80
95 48 80
95 48 80
95 48 80
95 48 80
95 48 80
95 48 80
95 48 80
95 49 80
95 49 80
95 49 80
95 49 80
95 49 80
95 49 80
95 49 80
95 49 80
95 49 80
95 49 80
95 49 80
95 49 80
95 49 80
95 50 80
95 50 80
95 50 80
95 50 80
95 50 80
95 50 80
95 50 80
95 50 80
95 50 80
95 50 80
95 50 80
95 50 80
95 51 80
95 51 80
95 51 80
95 51 80
95 51 80
95 51 80
95 51 80
95 51 80
95 51 80
95 51 80
95 51 80
95 52 80
95 52 80
95 52 80
95 52 80
95 52 80
95 52 80
95 52 80
95 52 80
95 52 80
95 52 80
95 53 80
95 53 80
95 53 80
95 53 80
95 53 80
95 53 80
95 53 80
95 53 80
95 53 80
95 54 80
95 54 80
95 54 80
95 54 80
95 54 80
95 54 80
95 54 80
95 55 80
95 55 80
95 55 80
95 55 80
95 55 80
95 55 80
95 56 80
95 56 80
95 56 80
95 56 80
95 56 80
95 57 80
95 57 80
95 57 80
95 57 80
95 58 80
95 58 80
95 58 80
95 59 80
95 59 80
95 60 80
95 61 80
95 62 80
95 63 80
95 64 80
95 65 80
95 66 80
95 67 80
33 10 80
33 10 80
33 10 80
34 10 80
34 10 80
34 10 80
35 10 80
35 10 80
35 10 80
36 10 80
36 10 80
36 10 80
37 10 80
37 10 80
37 10 80
37 10 80
38 10 80
38 10 80
38 10 80
38 10 80
39 10 80
39 10 80
39 10 80
39 10 80
39 10 80
40 10 80
40 10 80
40 10 80
40 10 80
40 10 80
40 10 80
41 10 80
41 10 80
41 10 80
41 10 80
41 10 80
41 10 80
41 10 80
42 10 80
42 10 80
42 10 80
42 10 80
42 10 80
42 10 80
42 10 80
42 10 80
43 10 80
43 10 80
43 10 80
43 10 80
43 10 80
43 10 80
43 10 80
43 10 80
43 10 80
44 10 80
44 10 80
44 10 80
44 10 80
44 10 80
44 10 80
44 10 80
44 10 80
44 10 80
44 10 80
45 10 80
45 10 80
45 10 80
45 10 80
45 10 80
45 10 80
45 10 80
45 10 80
45 10 80
45 10 80
46 10 80
46 10 80
46 10 80
46 10 80
46 10 80
46 10 80
46 10 80
46 10 80
46 10 80
46 10 80
46 10 80
47 10 80
47 10 80
47 10 80
47 10 80
47 10 80
47 10 80
47 10 80
47 10 80
47 10 80
47 10 80
47 10 80
48 10 80
48 10 80
48 10 80
48 10 80
48 10 80
48 10 80
48 10 80
48 10 80
48 10 80
48 10 80
48 10 80
49 10 80
49 10 80
49 10 80
49 10 80
49 10 80
49 10 80
49 10 80
49 10 80
49 10 80
49 10 80
50 10 80
50 10 80
50 10 80
50 10 80
50 10 80
50 10 80
50 10 80
50 10 80
50 10 80
50 10 80
50 11 80
50 11 80
50 11 80
50 11 80
50 11 80
50 11 80
50 11 80
50 11 80
50 11 80
50 12 80
50 12 80
50 12 80
50 12 80
50 12 80
50 12 80
50 12 80
50 12 80
50 13 80
50 13 80
50 13 80
50 13 80
50 13 80
50 13 80
50 13 80
50 14 80
50 14 80
50 14 80
50 14 80
50 14 80
50 14 80
50 14 80
50 15 80
50 15 80
50 15 80
50 15 80
50 15 80
50 15 80
50 16 80
50 16 80
50 16 80
50 16 80
50 16 80
50 17 80
50 17 80
50 17 80
50 17 80
50 18 80
50 18 80
50 18 80
50 19 80
50 19 80
50 20 80
50 20 80
50 21 80
50 22 80
50 23 80
50 24 80
50 25 80
180 137 80
179 137 80
178 137 80
177 137 80
177 137 80
176 137 80
176 137 80
175 137 80
175 137 80
175 137 80
174 137 80
174 137 80
174 137 80
173 137 80
173 137 80
173 137 80
173 137 80
172 137 80
172 137 80
172 137 80
172 137 80
172 137 80
171 137 80
171 137 80
171 137 80
171 137 80
171 137 80
171 137 80
170 137 80
170 137 80
170 137 80
170 137 80
170 137 80
170 137 80
170 137 80
169 137 80
169 137 80
169 137 80
169 137 80
169 137 80
169 137 80
169 137 80
168 137 80
168 137 80
168 137 80
168 137 80
168 137 80
168 137 80
168 137 80
167 137 80
167 137 80
167 137 80
167 137 80
167 137 80
167 137 80
166 137 80
166 137 80
166 137 80
166 137 80
166 137 80
165 137 80
165 137 80
165 137 80
165 137 80
164 137 80
164 137 80
164 137 80
163 137 80
163 137 80
163 137 80
162 137 80
162 137 80
161 137 80
161 137 80
160 137 80
160 137 80
159 137 80
158 137 80
157 137 80
156 137 80
155 137 80
154 137 80
153 137 80
153 137 80
152 137 80
152 137 80
151 137 80
151 137 80
150 137 80
150 137 80
149 137 80
149 137 80
148 137 80
148 137 80
148 137 80
147 137 80
147 137 80
147 137 80
146 137 80
146 137 80
146 137 80
146 137 80
145 137 80
145 137 80
145 137 80
145 137 80
145 137 80
144 137 80
144 137 80
144 137 80
144 137 80
144 137 80
144 137 80
143 137 80
143 137 80
143 137 80
143 137 80
143 137 80
143 137 80
143 137 80
143 137 80
142 137 80
142 137 80
142 137 80
142 137 80
142 137 80
142 137 80
142 137 80
142 137 80
142 137 80
142 137 80
142 137 80
141 137 80
141 137 80
141 137 80
141 137 80
141 137 80
141 137 80
141 137 80
141 137 80
141 137 80
141 137 80
141 137 80
141 137 80
141 137 80
141 137 80
141 137 80
140 137 80
140 137 80
140 137 80
140 137 80
140 137 80
140 137 80
140 137 80
140 137 80
140 137 80
140 137 80
140 137 80
140 137 80
140 137 80
140 137 80
140 137 80
140 137 80
140 137 80
140 137 80
140 137 80
140 137 80
139 137 80
139 137 80
139 137 80
139 137 80
139 137 80
139 137 80
139 137 80
139 137 80
139 137 80
139 137 80
139 137 80
139 137 80
139 137 80
139 137 80
139 137 80
139 137 80
139 137 80
139 137 80
139 137 80
139 137 80
139 137 80
139 137 80
139 137 80
139 137 80
139 137 80
139 137 80
138 137 80
138 137 80
138 137 80
138 137 80
138 137 80
138 137 80
138 137 80
138 137 80
138 137 80
138 137 80
138 137 80
138 137 80
138 137 80
138 137 80
138 137 80
138 137 80
138 137 80
138 137 80
138 137 80
138 137 80
138 137 80
138 137 80
138 137 80
138 137 80
138 137 80
138 137 80
138 137 80
138 137 80
138 137 80
138 137 80
138 137 80
138 137 80
137 137 80
137 137 80
137 137 80
137 137 80
137 137 80
137 137 80
137 137 80
137 137 80
137 137 80
137 137 80
137 137 80
137 137 80
137 137 80
137 137 80
137 137 80
137 137 80
137 137 80
137 137 80
137 137 80
137 137 80
137 137 80
137 137 80
137 137 80
137 137 80
137 137 80
137 137 80
137 137 80
137 137 80
137 137 80
137 137 80
137 137 80
137 137 80
137 137 80
137 137 80
137 137 80
137 137 80
137 137 80
136 137 80
136 137 80
136 137 80
136 137 80
136 137 80
136 137 80
136 137 80
136 137 80
136 137 80
136 137 80
136 137 80
136 137 80
136 137 80
136 137 80
136 137 80
136 137 80
136 137 80
136 137 80
136 137 80
136 137 80
136 137 80
136 137 80
136 137 80
136 137 80
136 137 80
136 137 80
136 137 80
136 137 80
136 137 80
136 137 80
136 137 80
136 137 80
136 137 80
136 137 80
136 137 80
136 137 80
136 137 80
136 137 80
136 137 80
136 137 80
136 137 80
136 137 80
135 137 80
135 137 80
135 137 80
135 137 80
135 137 80
135 137 80
135 137 80
135 137 80
135 137 80
135 137 80
135 137 80
135 137 80
135 137 80
135 137 80
135 137 80
135 137 80
135 137 80
135 137 80
135 137 80
135 137 80
135 137 80
135 137 80
135 137 80
135 137 80
135 137 80
135 137 80
135 137 80
135 137 80
135 137 80
135 137 80
135 137 80
135 137 80
135 137 80
135 137 80
135 137 80
135 137 80
135 137 80
135 137 80
135 137 80
135 137 80
135 137 80
135 137 80
135 137 80
135 137 80
135 137 80
135 137 80
134 137 80
134 137 80
134 137 80
134 137 80
134 137 80
134 137 80
134 137 80
134 137 80
134 137 80
134 137 80
134 137 80
134 137 80
134 137 80
134 137 80
134 137 80
134 137 80
134 137 80
134 137 80
134 137 80
134 137 80
134 137 80
134 137 80
134 137 80
134 137 80
134 137 80
134 137 80
134 137 80
134 137 80
134 137 80
134 137 80
134 137 80
134 137 80
134 137 80
134 137 80
134 137 80
134 137 80
134 137 80
134 137 80
134 137 80
134 137 80
134 137 80
134 137 80
134 137 80
134 137 80
134 137 80
134 137 80
134 137 80
134 137 80
133 137 80
133 137 80
133 137 80
133 137 80
133 137 80
133 137 80
133 137 80
133 137 80
133 137 80
133 137 80
133 137 80
133 137 80
133 137 80
133 137 80
133 137 80
133 137 80
133 137 80
133 137 80
133 137 80
133 137 80
133 137 80
133 137 80
133 137 80
133 137 80
133 137 80
133 137 80
133 137 80
133 137 80
133 137 80
133 137 80
133 137 80
133 137 80
133 137 80
133 137 80
133 137 80
133 137 80
133 137 80
133 137 80
133 137 80
133 137 80
133 137 80
133 137 80
133 137 80
133 137 80
133 137 80
133 137 80
133 137 80
133 137 80
133 137 80
132 137 80
132 137 80
132 137 80
132 137 80
132 137 80
132 137 80
132 137 80
132 137 80
132 137 80
132 137 80
132 137 80
132 137 80
132 137 80
132 137 80
132 137 80
132 137 80
132 137 80
132 137 80
132 137 80
132 137 80
132 137 80
132 137 80
132 137 80
132 137 80
132 137 80
132 137 80
132 137 80
132 137 80
132 137 80
132 137 80
132 137 80
132 137 80
132 137 80
132 137 80
132 137 80
132 137 80
132 137 80
132 137 80
132 137 80
132 137 80
132 137 80
132 137 80
132 137 80
132 137 80
132 137 80
132 137 80
132 137 80
132 137 80
132 137 80
132 137 80
131 137 80
131 137 80
131 137 80
131 137 80
131 137 80
131 137 80
131 137 80
131 137 80
131 137 80
131 137 80
131 137 80
131 137 80
131 137 80
131 137 80
131 137 80
131 137 80
131 137 80
131 137 80
131 137 80
131 137 80
131 137 80
131 137 80
131 137 80
131 137 80
131 137 80
131 137 80
131 137 80
131 137 80
131 137 80
131 137 80
131 137 80
131 137 80
131 137 80
131 137 80
131 137 80
131 137 80
131 137 80
131 137 80
131 137 80
131 137 80
131 137 80
131 137 80
131 137 80
131 137 80
131 137 80
131 137 80
131 137 80
131 137 80
131 137 80
131 137 80
130 137 80
130 137 80
130 137 80
130 137 80
130 137 80
130 137 80
130 137 80
130 137 80
130 137 80
130 137 80
130 137 80
130 137 80
130 137 80
130 137 80
130 137 80
130 137 80
130 137 80
130 137 80
130 137 80
130 137 80
130 137 80
130 137 80
130 137 80
130 137 80
130 137 80
130 137 80
130 137 80
130 137 80
130 137 80
130 137 80
130 137 80
130 137 80
130 137 80
130 137 80
130 137 80
130 137 80
130 137 80
130 137 80
130 137 80
130 137 80
130 137 80
130 137 80
130 137 80
130 137 80
130 137 80
130 137 80
130 137 80
130 137 80
130 137 80
129 137 80
129 137 80
129 137 80
129 137 80
129 137 80
129 137 80
129 137 80
129 137 80
129 137 80
129 137 80
129 137 80
129 137 80
129 137 80
129 137 80
129 137 80
129 137 80
129 137 80
129 137 80
129 137 80
129 137 80
129 137 80
129 137 80
129 137 80
129 137 80
129 137 80
129 137 80
129 137 80
129 137 80
129 137 80
129 137 80
129 137 80
129 137 80
129 137 80
129 137 80
129 137 80
129 137 80
129 137 80
129 137 80
129 137 80
129 137 80
129 137 80
129 137 80
129 137 80
129 137 80
129 137 80
129 137 80
129 137 80
128 137 80
128 137 80
128 137 80
128 137 80
128 137 80
128 137 80
128 137 80
128 137 80
128 137 80
128 137 80
128 137 80
128 137 80
128 137 80
128 137 80
128 137 80
128 137 80
128 137 80
128 137 80
128 137 80
128 137 80
128 137 80
128 137 80
128 137 80
128 137 80
128 137 80
128 137 80
128 137 80
128 137 80
128 137 80
128 137 80
128 137 80
128 137 80
128 137 80
128 137 80
128 137 80
128 137 80
128 137 80
128 137 80
128 137 80
128 137 80
128 137 80
128 137 80
128 137 80
128 137 80
128 137 80
127 137 80
127 137 80
127 137 80
127 137 80
127 137 80
127 137 80
127 137 80
127 137 80
127 137 80
127 137 80
127 137 80
127 137 80
127 137 80
127 137 80
127 137 80
127 137 80
127 137 80
127 137 80
127 137 80
127 137 80
127 137 80
127 137 80
127 137 80
127 137 80
127 137 80
127 137 80
127 137 80
127 137 80
127 137 80
127 137 80
127 137 80
127 137 80
127 137 80
127 137 80
127 137 80
127 137 80
127 137 80
127 137 80
127 137 80
127 137 80
127 137 80
127 137 80
126 137 80
126 137 80
126 137 80
126 137 80
126 137 80
126 137 80
126 137 80
126 137 80
126 137 80
126 137 80
126 137 80
126 137 80
126 137 80
126 137 80
126 137 80
126 137 80
126 137 80
126 137 80
126 137 80
126 137 80
126 137 80
126 137 80
126 137 80
126 137 80
126 137 80
126 137 80
126 137 80
126 137 80
126 137 80
126 137 80
126 137 80
126 137 80
126 137 80
126 137 80
126 137 80
126 137 80
126 137 80
126 137 80
125 137 80
125 137 80
125 137 80
125 137 80
125 137 80
125 137 80
125 137 80
125 137 80
125 137 80
125 137 80
125 137 80
125 137 80
125 137 80
125 137 80
125 137 80
125 137 80
125 137 80
125 137 80
125 137 80
125 137 80
125 137 80
125 137 80
125 137 80
125 137 80
125 137 80
125 137 80
125 137 80
125 137 80
125 137 80
125 137 80
125 137 80
125 137 80
125 137 80
124 137 80
124 137 80
124 137 80
124 137 80
124 137 80
124 137 80
124 137 80
124 137 80
124 137 80
124 137 80
124 137 80
124 137 80
124 137 80
124 137 80
124 137 80
124 137 80
124 137 80
124 137 80
124 137 80
124 137 80
124 137 80
124 137 80
124 137 80
124 137 80
124 137 80
124 137 80
124 137 80
124 137 80
123 137 80
123 137 80
123 137 80
123 137 80
123 137 80
123 137 80
123 137 80
123 137 80
123 137 80
123 137 80
123 137 80
123 137 80
123 137 80
123 137 80
123 137 80
123 137 80
123 137 80
123 137 80
123 137 80
123 137 80
123 137 80
123 137 80
123 137 80
122 137 80
122 137 80
122 137 80
122 137 80
122 137 80
122 137 80
122 137 80
122 137 80
122 137 80
122 137 80
122 137 80
122 137 80
122 137 80
122 137 80
122 137 80
122 137 80
122 137 80
122 137 80
121 137 80
121 137 80
121 137 80
121 137 80
121 137 80
121 137 80
121 137 80
121 137 80
121 137 80
121 137 80
121 137 80
121 137 80
121 137 80
121 137 80
120 137 80
120 137 80
120 137 80
120 137 80
120 137 80
120 137 80
120 137 80
120 137 80
120 137 80
120 137 80
120 137 80
119 137 80
119 137 80
119 137 80
119 137 80
119 137 80
119 137 80
119 137 80
119 137 80
118 137 80
118 137 80
118 137 80
118 137 80
118 137 80
118 137 80
118 137 80
117 137 80
117 137 80
117 137 80
117 137 80
117 137 80
159 39 80
158 39 80
157 39 80
156 39 80
155 39 80
154 39 80
153 39 80
152 39 80
151 39 80
150 39 80
149 39 80
148 39 80
147 39 80
146 39 80
145 39 80
144 39 80
143 39 80
142 39 80
141 39 80
140 39 80
139 39 80
138 39 80
137 39 80
136 39 80
135 39 80
134 39 80
134 40 80
134 41 80
134 42 80
134 43 80
134 44 80
134 45 80
134 46 80
134 47 80
182 168 80
181 168 80
180 168 80
180 167 80
180 166 80
180 165 80
180 164 80
180 163 80
180 162 80
180 161 80
180 161 80
180 160 80
180 160 80
180 159 80
180 159 80
180 159 80
180 158 80
180 158 80
180 158 80
180 157 80
180 157 80
180 157 80
180 157 80
180 156 80
180 156 80
180 156 80
180 156 80
180 156 80
180 155 80
180 155 80
180 155 80
180 155 80
180 155 80
180 155 80
180 154 80
180 154 80
180 154 80
180 154 80
180 154 80
180 154 80
180 153 80
180 153 80
180 153 80
180 153 80
180 153 80
180 153 80
180 153 80
180 152 80
180 152 80
180 152 80
180 152 80
180 152 80
180 152 80
180 152 80
180 151 80
180 151 80
180 151 80
180 151 80
180 151 80
180 151 80
180 151 80
180 150 80
180 150 80
180 150 80
180 150 80
180 150 80
180 150 80
180 149 80
180 149 80
180 149 80
180 149 80
180 149 80
180 148 80
180 148 80
180 148 80
180 148 80
180 147 80
180 147 80
180 147 80
180 147 80
180 146 80
180 146 80
180 146 80
180 145 80
180 145 80
180 144 80
180 144 80
180 143 80
180 143 80
180 142 80
180 141 80
180 140 80
180 139 80
180 138 80
25 192 80
25 191 80
25 190 80
25 189 80
25 188 80
25 187 80
25 186 80
25 185 80
25 184 80
25 183 80
25 182 80
25 181 80
25 180 80
25 179 80
25 178 80
25 177 80
25 176 80
25 175 80
25 175 80
25 174 80
25 174 80
25 174 80
25 174 80
25 173 80
25 173 80
25 173 80
25 173 80
25 173 80
25 173 80
25 172 80
25 172 80
25 172 80
25 172 80
25 172 80
25 172 80
25 172 80
25 172 80
25 172 80
25 171 80
25 171 80
25 171 80
25 171 80
25 171 80
25 171 80
25 171 80
25 171 80
25 171 80
25 171 80
25 171 80
25 171 80
25 171 80
25 170 80
25 170 80
25 170 80
25 170 80
25 170 80
25 170 80
25 170 80
25 170 80
25 170 80
25 170 80
25 170 80
25 170 80
25 170 80
25 170 80
25 170 80
25 170 80
25 170 80
25 170 80
25 169 80
25 169 80
25 169 80
25 169 80
25 169 80
25 169 80
25 169 80
25 169 80
25 169 80
25 169 80
25 169 80
25 169 80
25 169 80
25 169 80
25 169 80
25 169 80
25 169 80
25 169 80
25 169 80
25 169 80
25 169 80
25 169 80
25 168 80
25 168 80
25 168 80
25 168 80
25 168 80
25 168 80
25 168 80
25 168 80
25 168 80
25 168 80
25 168 80
25 168 80
25 168 80
25 168 80
25 168 80
25 168 80
25 168 80
25 168 80
25 168 80
25 168 80
25 168 80
25 168 80
25 168 80
25 168 80
25 168 80
25 167 80
25 167 80
25 167 80
25 167 80
25 167 80
25 167 80
25 167 80
25 167 80
25 167 80
25 167 80
25 167 80
25 167 80
25 167 80
25 167 80
25 167 80
25 167 80
25 167 80
25 167 80
25 167 80
25 167 80
25 167 80
25 167 80
25 167 80
25 167 80
25 167 80
25 167 80
25 167 80
25 166 80
25 166 80
25 166 80
25 166 80
25 166 80
25 166 80
25 166 80
25 166 80
25 166 80
25 166 80
25 166 80
25 166 80
25 166 80
25 166 80
25 166 80
25 166 80
25 166 80
25 166 80
25 166 80
25 166 80
25 166 80
25 166 80
25 166 80
25 166 80
25 166 80
25 166 80
25 166 80
25 165 80
25 165 80
25 165 80
25 165 80
25 165 80
25 165 80
25 165 80
25 165 80
25 165 80
25 165 80
25 165 80
25 165 80
25 165 80
25 165 80
25 165 80
25 165 80
25 165 80
25 165 80
25 165 80
25 165 80
25 165 80
25 165 80
25 165 80
25 165 80
25 165 80
25 165 80
25 165 80
25 164 80
25 164 80
25 164 80
25 164 80
25 164 80
25 164 80
25 164 80
25 164 80
25 164 80
25 164 80
25 164 80
25 164 80
25 164 80
25 164 80
25 164 80
25 164 80
25 164 80
25 164 80
25 164 80
25 164 80
25 164 80
25 164 80
25 164 80
25 164 80
25 164 80
25 163 80
25 163 80
25 163 80
25 163 80
25 163 80
25 163 80
25 163 80
25 163 80
25 163 80
25 163 80
25 163 80
25 163 80
25 163 80
25 163 80
25 163 80
25 163 80
25 163 80
25 163 80
25 163 80
25 163 80
25 163 80
25 163 80
25 163 80
25 162 80
25 162 80
25 162 80
25 162 80
25 162 80
25 162 80
25 162 80
25 162 80
25 162 80
25 162 80
25 162 80
25 162 80
25 162 80
25 162 80
25 162 80
25 162 80
25 162 80
25 162 80
25 162 80
25 162 80
25 161 80
25 161 80
25 161 80
25 161 80
25 161 80
25 161 80
25 161 80
25 161 80
25 161 80
25 161 80
25 161 80
25 161 80
25 161 80
25 161 80
25 161 80
25 161 80
25 160 80
25 160 80
25 160 80
25 160 80
25 160 80
25 160 80
25 160 80
25 160 80
25 160 80
25 160 80
25 160 80
25 160 80
25 160 80
25 159 80
25 159 80
25 159 80
25 159 80
25 159 80
25 159 80
25 159 80
25 159 80
25 159 80
25 159 80
25 158 80
25 158 80
25 158 80
25 158 80
25 158 80
25 158 80
25 158 80
25 157 80
25 157 80
25 157 80
25 157 80
25 157 80
25 157 80
25 156 80
25 156 80
25 156 80
25 156 80
25 156 80
25 155 80
25 155 80
25 155 80
25 155 80
25 154 80
25 154 80
25 154 80
25 153 80
25 153 80
25 153 80
25 152 80
25 152 80
25 152 80
25 151 80
25 151 80
25 151 80
25 150 80
25 150 80
25 150 80
25 149 80
25 149 80
25 149 80
25 148 80
25 148 80
25 148 80
25 148 80
25 147 80
25 147 80
25 147 80
25 147 80
25 147 80
25 147 80
25 146 80
25 146 80
25 146 80
25 146 80
25 146 80
25 146 80
25 146 80
25 146 80
25 145 80
25 145 80
25 145 80
25 145 80
25 145 80
25 145 80
25 145 80
25 145 80
25 145 80
25 145 80
25 145 80
25 144 80
25 144 80
25 144 80
25 144 80
25 144 80
25 144 80
25 144 80
25 144 80
25 144 80
25 144 80
25 144 80
25 144 80
25 144 80
25 144 80
25 144 80
25 144 80
25 143 80
25 143 80
25 143 80
25 143 80
25 143 80
25 143 80
25 143 80
25 143 80
25 143 80
25 143 80
25 143 80
25 143 80
25 143 80
25 143 80
25 143 80
25 143 80
25 143 80
25 143 80
25 143 80
25 143 80
25 143 80
25 142 80
25 142 80
25 142 80
25 142 80
25 142 80
25 142 80
25 142 80
25 142 80
25 142 80
25 142 80
25 142 80
25 142 80
25 142 80
25 142 80
25 142 80
25 142 80
25 142 80
25 142 80
25 142 80
25 142 80
25 142 80
25 142 80
25 142 80
25 142 80
25 142 80
25 142 80
25 141 80
25 141 80
25 141 80
25 141 80
25 141 80
25 141 80
25 141 80
25 141 80
25 141 80
25 141 80
25 141 80
25 141 80
25 141 80
25 141 80
25 141 80
25 141 80
25 141 80
25 141 80
25 141 80
25 141 80
25 141 80
25 141 80
25 141 80
25 141 80
25 141 80
25 141 80
25 141 80
25 141 80
25 141 80
25 141 80
25 141 80
25 141 80
25 140 80
25 140 80
25 140 80
25 140 80
25 140 80
25 140 80
25 140 80
25 140 80
25 140 80
25 140 80
25 140 80
25 140 80
25 140 80
25 140 80
25 140 80
25 140 80
25 140 80
25 140 80
25 140 80
25 140 80
25 140 80
25 140 80
25 140 80
25 140 80
25 140 80
25 140 80
25 140 80
25 140 80
25 140 80
25 140 80
25 140 80
25 140 80
25 140 80
25 140 80
25 140 80
25 140 80
25 140 80
25 139 80
25 139 80
25 139 80
25 139 80
25 139 80
25 139 80
25 139 80
25 139 80
25 139 80
25 139 80
25 139 80
25 139 80
25 139 80
25 139 80
25 139 80
25 139 80
25 139 80
25 139 80
25 139 80
25 139 80
25 139 80
25 139 80
25 139 80
25 139 80
25 139 80
25 139 80
25 139 80
25 139 80
25 139 80
25 139 80
25 139 80
25 139 80
25 139 80
25 139 80
25 139 80
25 139 80
25 139 80
25 139 80
25 139 80
25 139 80
25 139 80
25 138 80
25 138 80
25 138 80
25 138 80
25 138 80
25 138 80
25 138 80
25 138 80
25 138 80
25 138 80
25 138 80
25 138 80
25 138 80
25 138 80
25 138 80
25 138 80
25 138 80
25 138 80
25 138 80
25 138 80
25 138 80
25 138 80
25 138 80
25 138 80
25 138 80
25 138 80
25 138 80
25 138 80
25 138 80
25 138 80
25 138 80
25 138 80
25 138 80
25 138 80
25 138 80
25 138 80
25 138 80
25 138 80
25 138 80
25 138 80
25 138 80
25 138 80
25 138 80
25 137 80
25 137 80
25 137 80
25 137 80
25 137 80
25 137 80
25 137 80
25 137 80
25 137 80
25 137 80
25 137 80
25 137 80
25 137 80
25 137 80
25 137 80
25 137 80
25 137 80
25 137 80
25 137 80
25 137 80
25 137 80
25 137 80
25 137 80
25 137 80
25 137 80
25 137 80
25 137 80
25 137 80
25 137 80
25 137 80
25 137 80
25 137 80
25 137 80
25 137 80
25 137 80
25 137 80
25 137 80
25 137 80
25 137 80
25 137 80
25 137 80
25 137 80
25 137 80
25 137 80
25 136 80
25 136 80
25 136 80
25 136 80
25 136 80
25 136 80
25 136 80
25 136 80
25 136 80
25 136 80
25 136 80
25 136 80
25 136 80
25 136 80
25 136 80
25 136 80
25 136 80
25 136 80
25 136 80
25 136 80
25 136 80
25 136 80
25 136 80
25 136 80
25 136 80
25 136 80
25 136 80
25 136 80
25 136 80
25 136 80
25 136 80
25 136 80
25 136 80
25 136 80
25 136 80
25 136 80
25 136 80
25 136 80
25 136 80
25 136 80
25 136 80
25 136 80
25 136 80
25 136 80
25 136 80
25 135 80
25 135 80
25 135 80
25 135 80
25 135 80
25 135 80
25 135 80
25 135 80
25 135 80
25 135 80
25 135 80
25 135 80
25 135 80
25 135 80
25 135 80
25 135 80
25 135 80
25 135 80
25 135 80
25 135 80
25 135 80
25 135 80
25 135 80
25 135 80
25 135 80
25 135 80
25 135 80
25 135 80
25 135 80
25 135 80
25 135 80
25 135 80
25 135 80
25 135 80
25 135 80
25 135 80
25 135 80
25 135 80
25 135 80
25 135 80
25 135 80
25 135 80
25 135 80
25 135 80
25 134 80
25 134 80
25 134 80
25 134 80
25 134 80
25 134 80
25 134 80
25 134 80
25 134 80
25 134 80
25 134 80
25 134 80
25 134 80
25 134 80
25 134 80
25 134 80
25 134 80
25 134 80
25 134 80
25 134 80
25 134 80
25 134 80
25 134 80
25 134 80
25 134 80
25 134 80
25 134 80
25 134 80
25 134 80
25 134 80
25 134 80
25 134 80
25 134 80
25 134 80
25 134 80
25 134 80
25 134 80
25 134 80
25 134 80
25 134 80
25 134 80
25 134 80
25 134 80
25 133 80
25 133 80
25 133 80
25 133 80
25 133 80
25 133 80
25 133 80
25 133 80
25 133 80
25 133 80
25 133 80
25 133 80
25 133 80
25 133 80
25 133 80
25 133 80
25 133 80
25 133 80
25 133 80
25 133 80
25 133 80
25 133 80
25 133 80
25 133 80
25 133 80
25 133 80
25 133 80
25 133 80
25 133 80
25 133 80
25 133 80
25 133 80
25 133 80
25 133 80
25 133 80
25 133 80
25 133 80
25 133 80
25 133 80
25 133 80
25 133 80
25 133 80
25 132 80
25 132 80
25 132 80
25 132 80
25 132 80
25 132 80
25 132 80
25 132 80
25 132 80
25 132 80
25 132 80
25 132 80
25 132 80
25 132 80
25 132 80
25 132 80
25 132 80
25 132 80
25 132 80
25 132 80
25 132 80
25 132 80
25 132 80
25 132 80
25 132 80
25 132 80
25 132 80
25 132 80
25 132 80
25 132 80
25 132 80
25 132 80
25 132 80
25 132 80
25 132 80
25 132 80
25 132 80
25 132 80
25 132 80
25 132 80
25 132 80
25 131 80
25 131 80
25 131 80
25 131 80
25 131 80
25 131 80
25 131 80
25 131 80
25 131 80
25 131 80
25 131 80
25 131 80
25 131 80
25 131 80
25 131 80
25 131 80
25 131 80
25 131 80
25 131 80
25 131 80
25 131 80
25 131 80
25 131 80
25 131 80
25 131 80
25 131 80
25 131 80
25 131 80
25 131 80
25 131 80
25 131 80
25 131 80
25 131 80
25 131 80
25 131 80
25 131 80
25 131 80
25 131 80
25 131 80
25 131 80
25 130 80
25 130 80
25 130 80
25 130 80
25 130 80
25 130 80
25 130 80
25 130 80
25 130 80
25 130 80
25 130 80
25 130 80
25 130 80
25 130 80
25 130 80
25 130 80
25 130 80
25 130 80
25 130 80
25 130 80
25 130 80
25 130 80
25 130 80
25 130 80
25 130 80
25 130 80
25 130 80
25 130 80
25 130 80
25 130 80
25 130 80
25 130 80
25 130 80
25 130 80
25 130 80
25 130 80
25 130 80
25 130 80
25 130 80
25 130 80
25 129 80
25 129 80
25 129 80
25 129 80
25 129 80
25 129 80
25 129 80
25 129 80
25 129 80
25 129 80
25 129 80
25 129 80
25 129 80
25 129 80
25 129 80
25 129 80
25 129 80
25 129 80
25 129 80
25 129 80
25 129 80
25 129 80
25 129 80
25 129 80
25 129 80
25 129 80
25 129 80
25 129 80
25 129 80
25 129 80
25 129 80
25 129 80
25 129 80
25 129 80
25 129 80
25 129 80
25 129 80
25 129 80
25 129 80
25 129 80
25 128 80
25 128 80
25 128 80
25 128 80
25 128 80
25 128 80
25 128 80
25 128 80
25 128 80
25 128 80
25 128 80
25 128 80
25 128 80
25 128 80
25 128 80
25 128 80
25 128 80
25 128 80
25 128 80
25 128 80
25 128 80
25 128 80
25 128 80
25 128 80
25 128 80
25 128 80
25 128 80
25 128 80
25 128 80
25 128 80
25 128 80
25 128 80
25 128 80
25 128 80
25 128 80
25 128 80
25 128 80
25 128 80
25 128 80
25 128 80
25 128 80
25 127 80
25 127 80
25 127 80
25 127 80
25 127 80
25 127 80
25 127 80
25 127 80
25 127 80
25 127 80
25 127 80
25 127 80
25 127 80
25 127 80
25 127 80
25 127 80
25 127 80
25 127 80
25 127 80
25 127 80
25 127 80
25 127 80
25 127 80
25 127 80
25 127 80
25 127 80
25 127 80
25 127 80
25 127 80
25 127 80
25 127 80
25 127 80
25 127 80
25 127 80
25 127 80
25 127 80
25 127 80
25 127 80
25 127 80
25 127 80
25 127 80
25 127 80
25 126 80
25 126 80
25 126 80
25 126 80
25 126 80
25 126 80
25 126 80
25 126 80
25 126 80
25 126 80
25 126 80
25 126 80
25 126 80
25 126 80
25 126 80
25 126 80
25 126 80
25 126 80
25 126 80
25 126 80
25 126 80
25 126 80
25 126 80
25 126 80
25 126 80
25 126 80
25 126 80
25 126 80
25 126 80
25 126 80
25 126 80
25 126 80
25 126 80
25 126 80
25 126 80
25 126 80
25 126 80
25 126 80
25 126 80
25 126 80
25 126 80
25 126 80
25 126 80
25 126 80
25 125 80
25 125 80
25 125 80
25 125 80
25 125 80
25 125 80
25 125 80
25 125 80
25 125 80
25 125 80
25 125 80
25 125 80
25 125 80
25 125 80
25 125 80
25 125 80
25 125 80
25 125 80
25 125 80
25 125 80
25 125 80
25 125 80
25 125 80
25 125 80
25 125 80
25 125 80
25 125 80
25 125 80
25 125 80
25 125 80
25 125 80
25 125 80
25 125 80
25 125 80
25 125 80
25 125 80
25 125 80
25 125 80
25 125 80
25 125 80
25 125 80
25 125 80
25 125 80
25 125 80
25 125 80
25 124 80
25 124 80
25 124 80
25 124 80
25 124 80
25 124 80
25 124 80
25 124 80
25 124 80
25 124 80
25 124 80
25 124 80
25 124 80
25 124 80
25 124 80
25 124 80
25 124 80
25 124 80
25 124 80
25 124 80
25 124 80
25 124 80
25 124 80
25 124 80
25 124 80
25 124 80
25 124 80
25 124 80
25 124 80
25 124 80
25 124 80
25 124 80
25 124 80
25 124 80
25 124 80
25 124 80
25 124 80
25 124 80
25 124 80
25 124 80
25 124 80
25 124 80
25 124 80
25 124 80
25 124 80
25 124 80
25 123 80
25 123 80
25 123 80
25 123 80
25 123 80
25 123 80
25 123 80
25 123 80
25 123 80
25 123 80
25 123 80
25 123 80
25 123 80
25 123 80
25 123 80
25 123 80
25 123 80
25 123 80
25 123 80
25 123 80
25 123 80
25 123 80
25 123 80
25 123 80
25 123 80
25 123 80
25 123 80
25 123 80
25 123 80
25 123 80
25 123 80
25 123 80
25 123 80
25 123 80
25 123 80
25 123 80
25 123 80
25 123 80
25 123 80
25 123 80
25 123 80
25 123 80
25 123 80
25 123 80
25 123 80
25 123 80
25 123 80
25 122 80
25 122 80
25 122 80
25 122 80
25 122 80
25 122 80
25 122 80
25 122 80
25 122 80
25 122 80
25 122 80
25 122 80
25 122 80
25 122 80
25 122 80
25 122 80
25 122 80
25 122 80
25 122 80
25 122 80
25 122 80
25 122 80
25 122 80
25 122 80
25 122 80
25 122 80
25 122 80
25 122 80
25 122 80
25 122 80
25 122 80
25 122 80
25 122 80
25 122 80
25 122 80
25 122 80
25 122 80
25 122 80
25 122 80
25 122 80
25 122 80
25 122 80
25 122 80
25 122 80
25 122 80
25 122 80
25 122 80
25 121 80
25 121 80
25 121 80
25 121 80
25 121 80
25 121 80
25 121 80
25 121 80
25 121 80
25 121 80
25 121 80
25 121 80
25 121 80
25 121 80
25 121 80
25 121 80
25 121 80
25 121 80
25 121 80
25 121 80
25 121 80
25 121 80
25 121 80
25 121 80
25 121 80
25 121 80
25 121 80
25 121 80
25 121 80
25 121 80
25 121 80
25 121 80
25 121 80
25 121 80
25 121 80
25 121 80
25 121 80
25 121 80
25 121 80
25 121 80
25 121 80
25 121 80
25 121 80
25 121 80
25 121 80
25 121 80
25 121 80
25 121 80
25 120 80
25 120 80
25 120 80
25 120 80
25 120 80
25 120 80
25 120 80
25 120 80
25 120 80
25 120 80
25 120 80
25 120 80
25 120 80
25 120 80
25 120 80
25 120 80
25 120 80
25 120 80
25 120 80
25 120 80
25 120 80
25 120 80
25 120 80
25 120 80
25 120 80
25 120 80
25 120 80
25 120 80
25 120 80
25 120 80
25 120 80
25 120 80
25 120 80
25 120 80
25 120 80
25 120 80
25 120 80
25 120 80
25 120 80
25 120 80
25 120 80
25 120 80
25 120 80
25 120 80
25 120 80
25 120 80
25 120 80
25 119 80
25 119 80
25 119 80
25 119 80
25 119 80
25 119 80
25 119 80
25 119 80
25 119 80
25 119 80
25 119 80
25 119 80
25 119 80
25 119 80
25 119 80
25 119 80
25 119 80
25 119 80
25 119 80
25 119 80
25 119 80
25 119 80
25 119 80
25 119 80
25 119 80
25 119 80
25 119 80
25 119 80
25 119 80
25 119 80
25 119 80
25 119 80
25 119 80
25 119 80
25 119 80
25 119 80
25 119 80
25 119 80
25 119 80
25 119 80
25 119 80
25 119 80
25 119 80
25 119 80
25 119 80
25 119 80
25 118 80
25 118 80
25 118 80
25 118 80
25 118 80
25 118 80
25 118 80
25 118 80
25 118 80
25 118 80
25 118 80
25 118 80
25 118 80
25 118 80
25 118 80
25 118 80
25 118 80
25 118 80
25 118 80
25 118 80
25 118 80
25 118 80
25 118 80
25 118 80
25 118 80
25 118 80
25 118 80
25 118 80
25 118 80
25 118 80
25 118 80
25 118 80
25 118 80
25 118 80
25 118 80
25 118 80
25 118 80
25 118 80
25 118 80
25 118 80
25 118 80
25 118 80
25 118 80
25 118 80
25 117 80
25 117 80
25 117 80
25 117 80
25 117 80
25 117 80
25 117 80
25 117 80
25 117 80
25 117 80
25 117 80
25 117 80
25 117 80
25 117 80
25 117 80
25 117 80
25 117 80
25 117 80
25 117 80
25 117 80
25 117 80
25 117 80
25 117 80
25 117 80
25 117 80
25 117 80
25 117 80
25 117 80
25 117 80
25 117 80
25 117 80
25 117 80
25 117 80
25 117 80
25 117 80
25 117 80
25 117 80
25 117 80
25 117 80
25 117 80
25 117 80
25 117 80
25 116 80
25 116 80
25 116 80
25 116 80
25 116 80
25 116 80
25 116 80
25 116 80
25 116 80
25 116 80
25 116 80
25 116 80
25 116 80
25 116 80
25 116 80
25 116 80
25 116 80
25 116 80
25 116 80
25 116 80
25 116 80
25 116 80
25 116 80
25 116 80
25 116 80
25 116 80
25 116 80
25 116 80
25 116 80
25 116 80
25 116 80
25 116 80
25 116 80
25 116 80
25 116 80
25 116 80
25 116 80
25 116 80
25 115 80
25 115 80
25 115 80
25 115 80
25 115 80
25 115 80
25 115 80
25 115 80
25 115 80
25 115 80
25 115 80
25 115 80
25 115 80
25 115 80
25 115 80
25 115 80
25 115 80
25 115 80
25 115 80
25 115 80
25 115 80
25 115 80
25 115 80
25 115 80
25 115 80
25 115 80
25 115 80
25 115 80
25 115 80
25 115 80
25 115 80
25 115 80
25 115 80
25 114 80
25 114 80
25 114 80
25 114 80
25 114 80
25 114 80
25 114 80
25 114 80
25 114 80
25 114 80
25 114 80
25 114 80
25 114 80
25 114 80
25 114 80
25 114 80
25 114 80
25 114 80
25 114 80
25 114 80
25 114 80
25 114 80
25 114 80
25 114 80
25 114 80
25 114 80
25 114 80
25 114 80
25 113 80
25 113 80
25 113 80
25 113 80
25 113 80
25 113 80
25 113 80
25 113 80
25 113 80
25 113 80
25 113 80
25 113 80
25 113 80
25 113 80
25 113 80
25 113 80
25 113 80
25 113 80
25 113 80
25 113 80
25 113 80
25 113 80
25 113 80
25 112 80
25 112 80
25 112 80
25 112 80
25 112 80
25 112 80
25 112 80
25 112 80
25 112 80
25 112 80
25 112 80
25 112 80
25 112 80
25 112 80
25 112 80
25 112 80
25 112 80
25 112 80
25 111 80
25 111 80
25 111 80
25 111 80
25 111 80
25 111 80
25 111 80
25 111 80
25 111 80
25 111 80
25 111 80
25 111 80
25 111 80
25 110 80
25 110 80
25 110 80
25 110 80
25 110 80
25 110 80
25 110 80
25 110 80
25 110 80
25 110 80
25 109 80
25 109 80
25 109 80
25 109 80
25 109 80
25 109 80
25 109 80
25 108 80
25 108 80
25 108 80
25 108 80
25 108 80
25 107 80
25 107 80
25 107 80
25 107 80
25 106 80
25 106 80
25 106 80
25 105 80
25 105 80
25 104 80
25 104 80
25 103 80
25 103 80
25 102 80
25 101 80
