102 195 50
101 195 50
100 195 50
99 195 50
98 195 50
97 195 50
96 195 50
95 195 50
94 195 50
93 195 50
92 195 50
91 195 50
90 195 50
89 195 50
88 195 50
87 195 50
86 195 50
85 195 50
84 195 50
83 195 50
82 195 50
81 195 50
81 194 50
81 193 50
81 192 50
81 191 50
81 190 50
81 189 50
81 188 50
81 187 50
81 186 50
81 185 50
81 184 50
81 183 50
81 182 50
81 181 50
81 180 50
81 179 50
81 178 50
81 177 50
81 176 50
81 175 50
81 174 50
81 173 50
81 172 50
81 171 50
81 170 50
81 169 50
81 168 50
81 167 50
81 166 50
81 165 50
81 164 50
81 163 50
81 162 50
81 162 50
81 161 50
81 161 50
81 160 50
81 160 50
81 159 50
81 159 50
81 159 50
81 158 50
81 158 50
81 158 50
81 157 50
81 157 50
81 157 50
81 156 50
81 156 50
81 156 50
81 155 50
81 155 50
81 155 50
81 155 50
81 154 50
81 154 50
81 154 50
81 154 50
81 153 50
81 153 50
81 153 50
81 153 50
81 153 50
81 152 50
81 152 50
81 152 50
81 152 50
81 152 50
81 152 50
81 151 50
81 151 50
81 151 50
81 151 50
81 151 50
81 151 50
81 151 50
81 151 50
81 150 50
81 150 50
81 150 50
81 150 50
81 150 50
81 150 50
81 150 50
81 150 50
81 150 50
81 150 50
81 150 50
81 149 50
81 149 50
81 149 50
81 149 50
81 149 50
81 149 50
81 149 50
81 149 50
81 149 50
81 149 50
81 149 50
81 149 50
81 149 50
81 149 50
81 148 50
81 148 50
81 148 50
81 148 50
81 148 50
81 148 50
81 148 50
81 148 50
81 148 50
81 148 50
81 148 50
81 148 50
81 148 50
81 148 50
81 148 50
81 148 50
81 147 50
81 147 50
81 147 50
81 147 50
81 147 50
81 147 50
81 147 50
81 147 50
81 147 50
81 147 50
81 147 50
81 147 50
81 147 50
81 147 50
81 147 50
81 147 50
81 147 50
81 147 50
81 146 50
81 146 50
81 146 50
81 146 50
81 146 50
81 146 50
81 146 50
81 146 50
81 146 50
81 146 50
81 146 50
81 146 50
81 146 50
81 146 50
81 146 50
81 146 50
81 146 50
81 146 50
81 145 50
81 145 50
81 145 50
81 145 50
81 145 50
81 145 50
81 145 50
81 145 50
81 145 50
81 145 50
81 145 50
81 145 50
81 145 50
81 145 50
81 145 50
81 145 50
81 144 50
81 144 50
81 144 50
81 144 50
81 144 50
81 144 50
81 144 50
81 144 50
81 144 50
81 144 50
81 144 50
81 144 50
81 144 50
81 143 50
81 143 50
81 143 50
81 143 50
81 143 50
81 143 50
81 143 50
81 143 50
81 143 50
81 143 50
81 142 50
81 142 50
81 142 50
81 142 50
81 142 50
81 142 50
81 142 50
81 142 50
81 141 50
81 141 50
81 141 50
81 141 50
81 141 50
81 141 50
81 140 50
81 140 50
81 140 50
81 140 50
81 140 50
81 139 50
81 139 50
81 139 50
81 139 50
81 138 50
81 138 50
81 138 50
81 137 50
81 137 50
81 137 50
81 136 50
81 136 50
81 136 50
81 135 50
81 135 50
81 134 50
81 134 50
81 133 50
81 132 50
81 131 50
81 130 50
81 129 50
81 128 50
81 127 50
162 138 50
163 138 50
164 138 50
165 138 50
166 138 50
167 138 50
168 138 50
169 138 50
170 138 50
171 138 50
172 138 50
173 138 50
174 138 50
175 138 50
176 138 50
177 138 50
178 138 50
179 138 50
179 139 50
179 139 50
179 140 50
179 140 50
179 140 50
179 141 50
179 141 50
179 141 50
179 141 50
179 142 50
179 142 50
179 142 50
179 142 50
179 142 50
179 143 50
179 143 50
179 143 50
179 143 50
179 143 50
179 143 50
179 143 50
179 143 50
179 144 50
179 144 50
179 144 50
179 144 50
179 144 50
179 144 50
179 144 50
179 144 50
179 144 50
179 144 50
179 144 50
179 145 50
179 145 50
179 145 50
179 145 50
179 145 50
179 145 50
179 145 50
179 145 50
179 145 50
179 145 50
179 145 50
179 145 50
179 145 50
179 145 50
179 146 50
179 146 50
179 146 50
179 146 50
179 146 50
179 146 50
179 146 50
179 146 50
179 146 50
179 146 50
179 146 50
179 146 50
179 146 50
179 146 50
179 146 50
179 146 50
179 146 50
179 146 50
179 146 50
179 147 50
179 147 50
179 147 50
179 147 50
179 147 50
179 147 50
179 147 50
179 147 50
179 147 50
179 147 50
179 147 50
179 147 50
179 147 50
179 147 50
179 147 50
179 147 50
179 147 50
179 147 50
179 147 50
179 147 50
179 147 50
179 147 50
179 147 50
179 148 50
179 148 50
179 148 50
179 148 50
179 148 50
179 148 50
179 148 50
179 148 50
179 148 50
179 148 50
179 148 50
179 148 50
179 148 50
179 148 50
179 148 50
179 148 50
179 148 50
179 148 50
179 148 50
179 148 50
179 148 50
179 148 50
179 148 50
179 148 50
179 148 50
179 149 50
179 149 50
179 149 50
179 149 50
179 149 50
179 149 50
179 149 50
179 149 50
179 149 50
179 149 50
179 149 50
179 149 50
179 149 50
179 149 50
179 149 50
179 149 50
179 149 50
179 149 50
179 149 50
179 149 50
179 149 50
179 149 50
179 149 50
179 149 50
179 149 50
179 149 50
179 149 50
179 150 50
179 150 50
179 150 50
179 150 50
179 150 50
179 150 50
179 150 50
179 150 50
179 150 50
179 150 50
179 150 50
179 150 50
179 150 50
179 150 50
179 150 50
179 150 50
179 150 50
179 150 50
179 150 50
179 150 50
179 150 50
179 150 50
179 150 50
179 150 50
179 150 50
179 150 50
179 151 50
179 151 50
179 151 50
179 151 50
179 151 50
179 151 50
179 151 50
179 151 50
179 151 50
179 151 50
179 151 50
179 151 50
179 151 50
179 151 50
179 151 50
179 151 50
179 151 50
179 151 50
179 151 50
179 151 50
179 151 50
179 151 50
179 151 50
179 151 50
179 152 50
179 152 50
179 152 50
179 152 50
179 152 50
179 152 50
179 152 50
179 152 50
179 152 50
179 152 50
179 152 50
179 152 50
179 152 50
179 152 50
179 152 50
179 152 50
179 152 50
179 152 50
179 152 50
179 152 50
179 153 50
179 153 50
179 153 50
179 153 50
179 153 50
179 153 50
179 153 50
179 153 50
179 153 50
179 153 50
179 153 50
179 153 50
179 153 50
179 153 50
179 153 50
179 153 50
179 154 50
179 154 50
179 154 50
179 154 50
179 154 50
179 154 50
179 154 50
179 154 50
179 154 50
179 154 50
179 154 50
179 154 50
179 154 50
179 155 50
179 155 50
179 155 50
179 155 50
179 155 50
179 155 50
179 155 50
179 155 50
179 155 50
179 155 50
179 156 50
179 156 50
179 156 50
179 156 50
179 156 50
179 156 50
179 156 50
179 156 50
179 157 50
179 157 50
179 157 50
179 157 50
179 157 50
179 157 50
179 158 50
179 158 50
179 158 50
179 158 50
179 158 50
179 159 50
179 159 50
179 159 50
179 159 50
179 160 50
179 160 50
179 160 50
179 160 50
179 161 50
179 161 50
179 161 50
179 162 50
179 162 50
179 162 50
179 163 50
179 163 50
179 163 50
179 164 50
179 164 50
179 164 50
179 165 50
179 165 50
179 166 50
179 166 50
179 167 50
179 167 50
179 168 50
179 169 50
179 170 50
179 171 50
179 172 50
79 28 50
80 28 50
81 28 50
82 28 50
83 28 50
84 28 50
85 28 50
86 28 50
87 28 50
88 28 50
89 28 50
90 28 50
91 28 50
92 28 50
93 28 50
94 28 50
95 28 50
96 28 50
97 28 50
98 28 50
99 28 50
100 28 50
101 28 50
102 28 50
103 28 50
104 28 50
105 28 50
106 28 50
106 28 50
107 28 50
107 28 50
108 28 50
108 28 50
109 28 50
109 28 50
109 28 50
110 28 50
110 28 50
110 28 50
111 28 50
111 28 50
111 28 50
111 28 50
112 28 50
112 28 50
112 28 50
112 28 50
113 28 50
113 28 50
113 28 50
113 28 50
113 28 50
114 28 50
114 28 50
114 28 50
114 28 50
114 28 50
114 28 50
115 28 50
115 28 50
115 28 50
115 28 50
115 28 50
115 28 50
115 28 50
116 28 50
116 28 50
116 28 50
116 28 50
116 28 50
116 28 50
116 28 50
117 28 50
117 28 50
117 28 50
117 28 50
117 28 50
117 28 50
117 28 50
118 28 50
118 28 50
118 28 50
118 28 50
118 28 50
118 28 50
119 28 50
119 28 50
119 28 50
119 28 50
119 28 50
120 28 50
120 28 50
120 28 50
120 28 50
120 28 50
121 28 50
121 28 50
121 28 50
121 28 50
122 28 50
122 28 50
122 28 50
123 28 50
123 28 50
123 28 50
124 28 50
124 28 50
124 28 50
125 28 50
125 28 50
125 28 50
126 28 50
126 28 50
126 28 50
127 28 50
127 28 50
127 28 50
128 28 50
128 28 50
128 28 50
128 28 50
129 28 50
129 28 50
129 28 50
129 28 50
130 28 50
130 28 50
130 28 50
130 28 50
130 28 50
131 28 50
131 28 50
131 28 50
131 28 50
131 28 50
132 28 50
132 28 50
132 28 50
132 28 50
132 28 50
133 28 50
133 28 50
133 28 50
133 28 50
133 28 50
133 28 50
134 28 50
134 28 50
134 28 50
134 28 50
134 28 50
134 28 50
134 29 50
134 29 50
134 29 50
134 29 50
134 30 50
134 30 50
134 30 50
134 31 50
134 31 50
134 32 50
134 32 50
134 33 50
134 34 50
134 35 50
134 36 50
134 37 50
134 38 50
134 39 50
134 40 50
134 41 50
134 42 50
134 43 50
134 44 50
134 45 50
134 46 50
134 47 50
134 48 50
134 49 50
134 50 50
134 51 50
134 52 50
0 151 50
1 151 50
2 151 50
3 151 50
4 151 50
5 151 50
6 151 50
7 151 50
8 151 50
9 151 50
10 151 50
11 151 50
12 151 50
13 151 50
14 151 50
15 151 50
16 151 50
17 151 50
18 151 50
19 151 50
20 151 50
21 151 50
22 151 50
23 151 50
24 151 50
25 151 50
26 151 50
27 151 50
28 151 50
29 151 50
30 151 50
30 151 50
31 151 50
31 151 50
31 151 50
32 151 50
32 151 50
32 151 50
32 151 50
33 151 50
33 151 50
33 151 50
33 151 50
34 151 50
34 151 50
34 151 50
34 151 50
34 151 50
35 151 50
35 151 50
35 151 50
35 151 50
35 151 50
35 151 50
36 151 50
36 151 50
36 151 50
36 151 50
36 151 50
36 151 50
36 151 50
37 151 50
37 151 50
37 151 50
37 151 50
37 151 50
37 151 50
37 151 50
37 151 50
37 151 50
38 151 50
38 151 50
38 151 50
38 151 50
38 151 50
38 151 50
38 151 50
38 151 50
38 151 50
38 151 50
38 151 50
39 151 50
39 151 50
39 151 50
39 151 50
39 151 50
39 151 50
39 151 50
39 151 50
39 151 50
39 151 50
39 151 50
39 151 50
39 151 50
40 151 50
40 151 50
40 151 50
40 151 50
40 151 50
40 151 50
40 151 50
40 151 50
40 151 50
40 151 50
40 151 50
40 151 50
40 151 50
40 151 50
40 151 50
40 151 50
41 151 50
41 151 50
41 151 50
41 151 50
41 151 50
41 151 50
41 151 50
41 151 50
41 151 50
41 151 50
41 151 50
41 151 50
41 151 50
41 151 50
41 151 50
41 151 50
41 151 50
41 151 50
41 151 50
41 151 50
42 151 50
42 151 50
42 151 50
42 151 50
42 151 50
42 151 50
42 151 50
42 151 50
42 151 50
42 151 50
42 151 50
42 151 50
42 151 50
42 151 50
42 151 50
42 151 50
42 151 50
42 151 50
42 151 50
42 151 50
42 151 50
42 151 50
42 151 50
42 151 50
43 151 50
43 151 50
43 151 50
43 151 50
43 151 50
43 151 50
43 151 50
43 151 50
43 151 50
43 151 50
43 151 50
43 151 50
43 151 50
43 151 50
43 151 50
43 151 50
43 151 50
43 151 50
43 151 50
43 151 50
43 151 50
43 151 50
43 151 50
43 151 50
43 151 50
43 151 50
43 151 50
43 151 50
43 151 50
43 151 50
44 151 50
44 151 50
44 151 50
44 151 50
44 151 50
44 151 50
44 151 50
44 151 50
44 151 50
44 151 50
44 151 50
44 151 50
44 151 50
44 151 50
44 151 50
44 151 50
44 151 50
44 151 50
44 151 50
44 151 50
44 151 50
44 151 50
44 151 50
44 151 50
44 151 50
44 151 50
44 151 50
44 151 50
44 151 50
44 151 50
44 151 50
44 151 50
44 151 50
44 151 50
44 151 50
44 151 50
45 151 50
45 151 50
45 151 50
45 151 50
45 151 50
45 151 50
45 151 50
45 151 50
45 151 50
45 151 50
45 151 50
45 151 50
45 151 50
45 151 50
45 151 50
45 151 50
45 151 50
45 151 50
45 151 50
45 151 50
45 151 50
45 151 50
45 151 50
45 151 50
45 151 50
45 151 50
45 151 50
45 151 50
45 151 50
45 151 50
45 151 50
45 151 50
45 151 50
45 151 50
45 151 50
45 151 50
45 151 50
45 151 50
45 151 50
45 151 50
45 151 50
45 151 50
45 151 50
46 151 50
46 151 50
46 151 50
46 151 50
46 151 50
46 151 50
46 151 50
46 151 50
46 151 50
46 151 50
46 151 50
46 151 50
46 151 50
46 151 50
46 151 50
46 151 50
46 151 50
46 151 50
46 151 50
46 151 50
46 151 50
46 151 50
46 151 50
46 151 50
46 151 50
46 151 50
46 151 50
46 151 50
46 151 50
46 151 50
46 151 50
46 151 50
46 151 50
46 151 50
46 151 50
46 151 50
46 151 50
46 151 50
46 151 50
46 151 50
46 151 50
46 151 50
46 151 50
46 151 50
46 151 50
46 151 50
46 151 50
46 151 50
46 151 50
47 151 50
47 151 50
47 151 50
47 151 50
47 151 50
47 151 50
47 151 50
47 151 50
47 151 50
47 151 50
47 151 50
47 151 50
47 151 50
47 151 50
47 151 50
47 151 50
47 151 50
47 151 50
47 151 50
47 151 50
47 151 50
47 151 50
47 151 50
47 151 50
47 151 50
47 151 50
47 151 50
47 151 50
47 151 50
47 151 50
47 151 50
47 151 50
47 151 50
47 151 50
47 151 50
47 151 50
47 151 50
47 151 50
47 151 50
47 151 50
47 151 50
47 151 50
47 151 50
47 151 50
47 151 50
47 151 50
47 151 50
47 151 50
47 151 50
47 151 50
47 151 50
47 151 50
47 151 50
47 151 50
47 151 50
47 151 50
48 151 50
48 151 50
48 151 50
48 151 50
48 151 50
48 151 50
48 151 50
48 151 50
48 151 50
48 151 50
48 151 50
48 151 50
48 151 50
48 151 50
48 151 50
48 151 50
48 151 50
48 151 50
48 151 50
48 151 50
48 151 50
48 151 50
48 151 50
48 151 50
48 151 50
48 151 50
48 151 50
48 151 50
48 151 50
48 151 50
48 151 50
48 151 50
48 151 50
48 151 50
48 151 50
48 151 50
48 151 50
48 151 50
48 151 50
48 151 50
48 151 50
48 151 50
48 151 50
48 151 50
48 151 50
48 151 50
48 151 50
48 151 50
48 151 50
48 151 50
48 151 50
48 151 50
48 151 50
48 151 50
48 151 50
48 151 50
48 151 50
48 151 50
48 151 50
48 151 50
48 151 50
48 151 50
48 151 50
49 151 50
49 151 50
49 151 50
49 151 50
49 151 50
49 151 50
49 151 50
49 151 50
49 151 50
49 151 50
49 151 50
49 151 50
49 151 50
49 151 50
49 151 50
49 151 50
49 151 50
49 151 50
49 151 50
49 151 50
49 151 50
49 151 50
49 151 50
49 151 50
49 151 50
49 151 50
49 151 50
49 151 50
49 151 50
49 151 50
49 151 50
49 151 50
49 151 50
49 151 50
49 151 50
49 151 50
49 151 50
49 151 50
49 151 50
49 151 50
49 151 50
49 151 50
49 151 50
49 151 50
49 151 50
49 151 50
49 151 50
49 151 50
49 151 50
49 151 50
49 151 50
49 151 50
49 151 50
49 151 50
49 151 50
49 151 50
49 151 50
49 151 50
49 151 50
49 151 50
49 151 50
49 151 50
49 151 50
49 151 50
49 151 50
49 151 50
49 151 50
49 151 50
49 151 50
50 151 50
50 151 50
50 151 50
50 151 50
50 151 50
50 151 50
50 151 50
50 151 50
50 151 50
50 151 50
50 151 50
50 151 50
50 151 50
50 151 50
50 151 50
50 151 50
50 151 50
50 151 50
50 151 50
50 151 50
50 151 50
50 151 50
50 151 50
50 151 50
50 151 50
50 151 50
50 151 50
50 151 50
50 151 50
50 151 50
50 151 50
50 151 50
50 151 50
50 151 50
50 151 50
50 151 50
50 151 50
50 151 50
50 151 50
50 151 50
50 151 50
50 151 50
50 151 50
50 151 50
50 151 50
50 151 50
50 151 50
50 151 50
50 151 50
50 151 50
50 151 50
50 151 50
50 151 50
50 151 50
50 151 50
50 151 50
50 151 50
50 151 50
50 151 50
50 151 50
50 151 50
50 151 50
50 151 50
50 151 50
50 151 50
50 151 50
50 151 50
50 151 50
50 151 50
50 151 50
50 151 50
50 151 50
50 151 50
50 151 50
50 151 50
50 151 50
51 151 50
51 151 50
51 151 50
51 151 50
51 151 50
51 151 50
51 151 50
51 151 50
51 151 50
51 151 50
51 151 50
51 151 50
51 151 50
51 151 50
51 151 50
51 151 50
51 151 50
51 151 50
51 151 50
51 151 50
51 151 50
51 151 50
51 151 50
51 151 50
51 151 50
51 151 50
51 151 50
51 151 50
51 151 50
51 151 50
51 151 50
51 151 50
51 151 50
51 151 50
51 151 50
51 151 50
51 151 50
51 151 50
51 151 50
51 151 50
51 151 50
51 151 50
51 151 50
51 151 50
51 151 50
51 151 50
51 151 50
51 151 50
51 151 50
51 151 50
51 151 50
51 151 50
51 151 50
51 151 50
51 151 50
51 151 50
51 151 50
51 151 50
51 151 50
51 151 50
51 151 50
51 151 50
51 151 50
51 151 50
51 151 50
51 151 50
51 151 50
51 151 50
51 151 50
51 151 50
51 151 50
51 151 50
51 151 50
51 151 50
51 151 50
51 151 50
51 151 50
51 151 50
51 151 50
51 151 50
51 151 50
52 151 50
52 151 50
52 151 50
52 151 50
52 151 50
52 151 50
52 151 50
52 151 50
52 151 50
52 151 50
52 151 50
52 151 50
52 151 50
52 151 50
52 151 50
52 151 50
52 151 50
52 151 50
52 151 50
52 151 50
52 151 50
52 151 50
52 151 50
52 151 50
52 151 50
52 151 50
52 151 50
52 151 50
52 151 50
52 151 50
52 151 50
52 151 50
52 151 50
52 151 50
52 151 50
52 151 50
52 151 50
52 151 50
52 151 50
52 151 50
52 151 50
52 151 50
52 151 50
52 151 50
52 151 50
52 151 50
52 151 50
52 151 50
52 151 50
52 151 50
52 151 50
52 151 50
52 151 50
52 151 50
52 151 50
52 151 50
52 151 50
52 151 50
52 151 50
52 151 50
52 151 50
52 151 50
52 151 50
52 151 50
52 151 50
52 151 50
52 151 50
52 151 50
52 151 50
52 151 50
52 151 50
52 151 50
52 151 50
52 151 50
52 151 50
52 151 50
52 151 50
52 151 50
52 151 50
52 151 50
52 151 50
52 151 50
52 151 50
52 151 50
52 151 50
52 151 50
53 151 50
53 151 50
53 151 50
53 151 50
53 151 50
53 151 50
53 151 50
53 151 50
53 151 50
53 151 50
53 151 50
53 151 50
53 151 50
53 151 50
53 151 50
53 151 50
53 151 50
53 151 50
53 151 50
53 151 50
53 151 50
53 151 50
53 151 50
53 151 50
53 151 50
53 151 50
53 151 50
53 151 50
53 151 50
53 151 50
53 151 50
53 151 50
53 151 50
53 151 50
53 151 50
53 151 50
53 151 50
53 151 50
53 151 50
53 151 50
53 151 50
53 151 50
53 151 50
53 151 50
53 151 50
53 151 50
53 151 50
53 151 50
53 151 50
53 151 50
53 151 50
53 151 50
53 151 50
53 151 50
53 151 50
53 151 50
53 151 50
53 151 50
53 151 50
53 151 50
53 151 50
53 151 50
53 151 50
53 151 50
53 151 50
53 151 50
53 151 50
53 151 50
53 151 50
53 151 50
53 151 50
53 151 50
53 151 50
53 151 50
53 151 50
53 151 50
53 151 50
53 151 50
53 151 50
53 151 50
53 151 50
53 151 50
53 151 50
53 151 50
53 151 50
53 151 50
53 151 50
53 151 50
54 151 50
54 151 50
54 151 50
54 151 50
54 151 50
54 151 50
54 151 50
54 151 50
54 151 50
54 151 50
54 151 50
54 151 50
54 151 50
54 151 50
54 151 50
54 151 50
54 151 50
54 151 50
54 151 50
54 151 50
54 151 50
54 151 50
54 151 50
54 151 50
54 151 50
54 151 50
54 151 50
54 151 50
54 151 50
54 151 50
54 151 50
54 151 50
54 151 50
54 151 50
54 151 50
54 151 50
54 151 50
54 151 50
54 151 50
54 151 50
54 151 50
54 151 50
54 151 50
54 151 50
54 151 50
54 151 50
54 151 50
54 151 50
54 151 50
54 151 50
54 151 50
54 151 50
54 151 50
54 151 50
54 151 50
54 151 50
54 151 50
54 151 50
54 151 50
54 151 50
54 151 50
54 151 50
54 151 50
54 151 50
54 151 50
54 151 50
54 151 50
54 151 50
54 151 50
54 151 50
54 151 50
54 151 50
54 151 50
54 151 50
54 151 50
54 151 50
54 151 50
54 151 50
54 151 50
54 151 50
54 151 50
54 151 50
54 151 50
54 151 50
54 151 50
54 151 50
54 151 50
54 151 50
54 151 50
55 151 50
55 151 50
55 151 50
55 151 50
55 151 50
55 151 50
55 151 50
55 151 50
55 151 50
55 151 50
55 151 50
55 151 50
55 151 50
55 151 50
55 151 50
55 151 50
55 151 50
55 151 50
55 151 50
55 151 50
55 151 50
55 151 50
55 151 50
55 151 50
55 151 50
55 151 50
55 151 50
55 151 50
55 151 50
55 151 50
55 151 50
55 151 50
55 151 50
55 151 50
55 151 50
55 151 50
55 151 50
55 151 50
55 151 50
55 151 50
55 151 50
55 151 50
55 151 50
55 151 50
55 151 50
55 151 50
55 151 50
55 151 50
55 151 50
55 151 50
55 151 50
55 151 50
55 151 50
55 151 50
55 151 50
55 151 50
55 151 50
55 151 50
55 151 50
55 151 50
55 151 50
55 151 50
55 151 50
55 151 50
55 151 50
55 151 50
55 151 50
55 151 50
55 151 50
55 151 50
55 151 50
55 151 50
55 151 50
55 151 50
55 151 50
55 151 50
55 151 50
55 151 50
55 151 50
55 151 50
55 151 50
55 151 50
55 151 50
55 151 50
55 151 50
55 151 50
55 151 50
55 151 50
55 151 50
55 151 50
56 151 50
56 151 50
56 151 50
56 151 50
56 151 50
56 151 50
56 151 50
56 151 50
56 151 50
56 151 50
56 151 50
56 151 50
56 151 50
56 151 50
56 151 50
56 151 50
56 151 50
56 151 50
56 151 50
56 151 50
56 151 50
56 151 50
56 151 50
56 151 50
56 151 50
56 151 50
56 151 50
56 151 50
56 151 50
56 151 50
56 151 50
56 151 50
56 151 50
56 151 50
56 151 50
56 151 50
56 151 50
56 151 50
56 151 50
56 151 50
56 151 50
56 151 50
56 151 50
56 151 50
56 151 50
56 151 50
56 151 50
56 151 50
56 151 50
56 151 50
56 151 50
56 151 50
56 151 50
56 151 50
56 151 50
56 151 50
56 151 50
56 151 50
56 151 50
56 151 50
56 151 50
56 151 50
56 151 50
56 151 50
56 151 50
56 151 50
56 151 50
56 151 50
56 151 50
56 151 50
56 151 50
56 151 50
56 151 50
56 151 50
56 151 50
56 151 50
56 151 50
56 151 50
56 151 50
56 151 50
56 151 50
56 151 50
56 151 50
56 151 50
56 151 50
56 151 50
56 151 50
56 151 50
56 151 50
56 151 50
57 151 50
57 151 50
57 151 50
57 151 50
57 151 50
57 151 50
57 151 50
57 151 50
57 151 50
57 151 50
57 151 50
57 151 50
57 151 50
57 151 50
57 151 50
57 151 50
57 151 50
57 151 50
57 151 50
57 151 50
57 151 50
57 151 50
57 151 50
57 151 50
57 151 50
57 151 50
57 151 50
57 151 50
57 151 50
57 151 50
57 151 50
57 151 50
57 151 50
57 151 50
57 151 50
57 151 50
57 151 50
57 151 50
57 151 50
57 151 50
57 151 50
57 151 50
57 151 50
57 151 50
57 151 50
57 151 50
57 151 50
57 151 50
57 151 50
57 151 50
57 151 50
57 151 50
57 151 50
57 151 50
57 151 50
57 151 50
57 151 50
57 151 50
57 151 50
57 151 50
57 151 50
57 151 50
57 151 50
57 151 50
57 151 50
57 151 50
57 151 50
57 151 50
57 151 50
57 151 50
57 151 50
57 151 50
57 151 50
57 151 50
57 151 50
57 151 50
57 151 50
57 151 50
57 151 50
57 151 50
57 151 50
57 151 50
57 151 50
57 151 50
57 151 50
57 151 50
57 151 50
57 151 50
57 151 50
57 151 50
58 151 50
58 151 50
58 151 50
58 151 50
58 151 50
58 151 50
58 151 50
58 151 50
58 151 50
58 151 50
58 151 50
58 151 50
58 151 50
58 151 50
58 151 50
58 151 50
58 151 50
58 151 50
58 151 50
58 151 50
58 151 50
58 151 50
58 151 50
58 151 50
58 151 50
58 151 50
58 151 50
58 151 50
58 151 50
58 151 50
58 151 50
58 151 50
58 151 50
58 151 50
58 151 50
58 151 50
58 151 50
58 151 50
58 151 50
58 151 50
58 151 50
58 151 50
58 151 50
58 151 50
58 151 50
58 151 50
58 151 50
58 151 50
58 151 50
58 151 50
58 151 50
58 151 50
58 151 50
58 151 50
58 151 50
58 151 50
58 151 50
58 151 50
58 151 50
58 151 50
58 151 50
58 151 50
58 151 50
58 151 50
58 151 50
58 151 50
58 151 50
58 151 50
58 151 50
58 151 50
58 151 50
58 151 50
58 151 50
58 151 50
58 151 50
58 151 50
58 151 50
58 151 50
58 151 50
58 151 50
58 151 50
58 151 50
58 151 50
58 151 50
58 151 50
58 151 50
58 151 50
58 151 50
58 151 50
58 151 50
59 151 50
59 151 50
59 151 50
59 151 50
59 151 50
59 151 50
59 151 50
59 151 50
59 151 50
59 151 50
59 151 50
59 151 50
59 151 50
59 151 50
59 151 50
59 151 50
59 151 50
59 151 50
59 151 50
59 151 50
59 151 50
59 151 50
59 151 50
59 151 50
59 151 50
59 151 50
59 151 50
59 151 50
59 151 50
59 151 50
59 151 50
59 151 50
59 151 50
59 151 50
59 151 50
59 151 50
59 151 50
59 151 50
59 151 50
59 151 50
59 151 50
59 151 50
59 151 50
59 151 50
59 151 50
59 151 50
59 151 50
59 151 50
59 151 50
59 151 50
59 151 50
59 151 50
59 151 50
59 151 50
59 151 50
59 151 50
59 151 50
59 151 50
59 151 50
59 151 50
59 151 50
59 151 50
59 151 50
59 151 50
59 151 50
59 151 50
59 151 50
59 151 50
59 151 50
59 151 50
59 151 50
59 151 50
59 151 50
59 151 50
59 151 50
59 151 50
59 151 50
59 151 50
59 151 50
59 151 50
59 151 50
59 151 50
59 151 50
59 151 50
59 151 50
59 151 50
59 151 50
59 151 50
59 151 50
60 151 50
60 151 50
60 151 50
60 151 50
60 151 50
60 151 50
60 151 50
60 151 50
60 151 50
60 151 50
60 151 50
60 151 50
60 151 50
60 151 50
60 151 50
60 151 50
60 151 50
60 151 50
60 151 50
60 151 50
60 151 50
60 151 50
60 151 50
60 151 50
60 151 50
60 151 50
60 151 50
60 151 50
60 151 50
60 151 50
60 151 50
60 151 50
60 151 50
60 151 50
60 151 50
60 151 50
60 151 50
60 151 50
60 151 50
60 151 50
60 151 50
60 151 50
60 151 50
60 151 50
60 151 50
60 151 50
60 151 50
60 151 50
60 151 50
60 151 50
60 151 50
60 151 50
60 151 50
60 151 50
60 151 50
60 151 50
60 151 50
60 151 50
60 151 50
60 151 50
60 151 50
60 151 50
60 151 50
60 151 50
60 151 50
60 151 50
60 151 50
60 151 50
60 151 50
60 151 50
60 151 50
60 151 50
60 151 50
60 151 50
60 151 50
60 151 50
60 151 50
60 151 50
60 151 50
60 151 50
60 151 50
60 151 50
60 151 50
60 151 50
60 151 50
60 151 50
60 151 50
60 151 50
61 151 50
61 151 50
61 151 50
61 151 50
61 151 50
61 151 50
61 151 50
61 151 50
61 151 50
61 151 50
61 151 50
61 151 50
61 151 50
61 151 50
61 151 50
61 151 50
61 151 50
61 151 50
61 151 50
61 151 50
61 151 50
61 151 50
61 151 50
61 151 50
61 151 50
61 151 50
61 151 50
61 151 50
61 151 50
61 151 50
61 151 50
61 151 50
61 151 50
61 151 50
61 151 50
61 151 50
61 151 50
61 151 50
61 151 50
61 151 50
61 151 50
61 151 50
61 151 50
61 151 50
61 151 50
61 151 50
61 151 50
61 151 50
61 151 50
61 151 50
61 151 50
61 151 50
61 151 50
61 151 50
61 151 50
61 151 50
61 151 50
61 151 50
61 151 50
61 151 50
61 151 50
61 151 50
61 151 50
61 151 50
61 151 50
61 151 50
61 151 50
61 151 50
61 151 50
61 151 50
61 151 50
61 151 50
61 151 50
61 151 50
61 151 50
61 151 50
61 151 50
61 151 50
61 151 50
61 151 50
61 151 50
61 151 50
61 151 50
61 151 50
61 151 50
61 151 50
61 151 50
61 151 50
62 151 50
62 151 50
62 151 50
62 151 50
62 151 50
62 151 50
62 151 50
62 151 50
62 151 50
62 151 50
62 151 50
62 151 50
62 151 50
62 151 50
62 151 50
62 151 50
62 151 50
62 151 50
62 151 50
62 151 50
62 151 50
62 151 50
62 151 50
62 151 50
62 151 50
62 151 50
62 151 50
62 151 50
62 151 50
62 151 50
62 151 50
62 151 50
62 151 50
62 151 50
62 151 50
62 151 50
62 151 50
62 151 50
62 151 50
62 151 50
62 151 50
62 151 50
62 151 50
62 151 50
62 151 50
62 151 50
62 151 50
62 151 50
62 151 50
62 151 50
62 151 50
62 151 50
62 151 50
62 151 50
62 151 50
62 151 50
62 151 50
62 151 50
62 151 50
62 151 50
62 151 50
62 151 50
62 151 50
62 151 50
62 151 50
62 151 50
62 151 50
62 151 50
62 151 50
62 151 50
62 151 50
62 151 50
62 151 50
62 151 50
62 151 50
62 151 50
62 151 50
62 151 50
62 151 50
62 151 50
62 151 50
62 151 50
62 151 50
62 151 50
62 151 50
62 151 50
62 151 50
63 151 50
63 151 50
63 151 50
63 151 50
63 151 50
63 151 50
63 151 50
63 151 50
63 151 50
63 151 50
63 151 50
63 151 50
63 151 50
63 151 50
63 151 50
63 151 50
63 151 50
63 151 50
63 151 50
63 151 50
63 151 50
63 151 50
63 151 50
63 151 50
63 151 50
63 151 50
63 151 50
63 151 50
63 151 50
63 151 50
63 151 50
63 151 50
63 151 50
63 151 50
63 151 50
63 151 50
63 151 50
63 151 50
63 151 50
63 151 50
63 151 50
63 151 50
63 151 50
63 151 50
63 151 50
63 151 50
63 151 50
63 151 50
63 151 50
63 151 50
63 151 50
63 151 50
63 151 50
63 151 50
63 151 50
63 151 50
63 151 50
63 151 50
63 151 50
63 151 50
63 151 50
63 151 50
63 151 50
63 151 50
63 151 50
63 151 50
63 151 50
63 151 50
63 151 50
63 151 50
63 151 50
63 151 50
63 151 50
63 151 50
63 151 50
63 151 50
63 151 50
63 151 50
63 151 50
63 151 50
63 151 50
63 151 50
63 151 50
63 151 50
63 151 50
63 151 50
63 151 50
64 151 50
64 151 50
64 151 50
64 151 50
64 151 50
64 151 50
64 151 50
64 151 50
64 151 50
64 151 50
64 151 50
64 151 50
64 151 50
64 151 50
64 151 50
64 151 50
64 151 50
64 151 50
64 151 50
64 151 50
64 151 50
64 151 50
64 151 50
64 151 50
64 151 50
64 151 50
64 151 50
64 151 50
64 151 50
64 151 50
64 151 50
64 151 50
64 151 50
64 151 50
64 151 50
64 151 50
64 151 50
64 151 50
64 151 50
64 151 50
64 151 50
64 151 50
64 151 50
64 151 50
64 151 50
64 151 50
64 151 50
64 151 50
64 151 50
64 151 50
64 151 50
64 151 50
64 151 50
64 151 50
64 151 50
64 151 50
64 151 50
64 151 50
64 151 50
64 151 50
64 151 50
64 151 50
64 151 50
64 151 50
64 151 50
64 151 50
64 151 50
64 151 50
64 151 50
64 151 50
64 151 50
64 151 50
64 151 50
64 151 50
64 151 50
64 151 50
64 151 50
64 151 50
64 151 50
64 151 50
64 151 50
64 151 50
64 151 50
64 151 50
65 151 50
65 151 50
65 151 50
65 151 50
65 151 50
65 151 50
65 151 50
65 151 50
65 151 50
65 151 50
65 151 50
65 151 50
65 151 50
65 151 50
65 151 50
65 151 50
65 151 50
65 151 50
65 151 50
65 151 50
65 151 50
65 151 50
65 151 50
65 151 50
65 151 50
65 151 50
65 151 50
65 151 50
65 151 50
65 151 50
65 151 50
65 151 50
65 151 50
65 151 50
65 151 50
65 151 50
65 151 50
65 151 50
65 151 50
65 151 50
65 151 50
65 151 50
65 151 50
65 151 50
65 151 50
65 151 50
65 151 50
65 151 50
65 151 50
65 151 50
65 151 50
65 151 50
65 151 50
65 151 50
65 151 50
65 151 50
65 151 50
65 151 50
65 151 50
65 151 50
65 151 50
65 151 50
65 151 50
65 151 50
65 151 50
65 151 50
65 151 50
65 151 50
65 151 50
65 151 50
65 151 50
65 151 50
65 151 50
65 151 50
65 151 50
65 151 50
65 151 50
65 151 50
65 151 50
65 151 50
65 151 50
66 151 50
66 151 50
66 151 50
66 151 50
66 151 50
66 151 50
66 151 50
66 151 50
66 151 50
66 151 50
66 151 50
66 151 50
66 151 50
66 151 50
66 151 50
66 151 50
66 151 50
66 151 50
66 151 50
66 151 50
66 151 50
66 151 50
66 151 50
66 151 50
66 151 50
66 151 50
66 151 50
66 151 50
66 151 50
66 151 50
66 151 50
66 151 50
66 151 50
66 151 50
66 151 50
66 151 50
66 151 50
66 151 50
66 151 50
66 151 50
66 151 50
66 151 50
66 151 50
66 151 50
66 151 50
66 151 50
66 151 50
66 151 50
66 151 50
66 151 50
66 151 50
66 151 50
66 151 50
66 151 50
66 151 50
66 151 50
66 151 50
66 151 50
66 151 50
66 151 50
66 151 50
66 151 50
66 151 50
66 151 50
66 151 50
66 151 50
66 151 50
66 151 50
66 151 50
66 151 50
66 151 50
66 151 50
66 151 50
66 151 50
66 151 50
66 151 50
66 151 50
67 151 50
67 151 50
67 151 50
67 151 50
67 151 50
67 151 50
67 151 50
67 151 50
67 151 50
67 151 50
67 151 50
67 151 50
67 151 50
67 151 50
67 151 50
67 151 50
67 151 50
67 151 50
67 151 50
67 151 50
67 151 50
67 151 50
67 151 50
67 151 50
67 151 50
67 151 50
67 151 50
67 151 50
67 151 50
67 151 50
67 151 50
67 151 50
67 151 50
67 151 50
67 151 50
67 151 50
67 151 50
67 151 50
67 151 50
67 151 50
67 151 50
67 151 50
67 151 50
67 151 50
67 151 50
67 151 50
67 151 50
67 151 50
67 151 50
67 151 50
67 151 50
67 151 50
67 151 50
67 151 50
67 151 50
67 151 50
67 151 50
67 151 50
67 151 50
67 151 50
67 151 50
67 151 50
67 151 50
67 151 50
67 151 50
67 151 50
67 151 50
67 151 50
67 151 50
67 151 50
67 151 50
67 151 50
67 151 50
68 151 50
68 151 50
68 151 50
68 151 50
68 151 50
68 151 50
68 151 50
68 151 50
68 151 50
68 151 50
68 151 50
68 151 50
68 151 50
68 151 50
68 151 50
68 151 50
68 151 50
68 151 50
68 151 50
68 151 50
68 151 50
68 151 50
68 151 50
68 151 50
68 151 50
68 151 50
68 151 50
68 151 50
68 151 50
68 151 50
68 151 50
68 151 50
68 151 50
68 151 50
68 151 50
68 151 50
68 151 50
68 151 50
68 151 50
68 151 50
68 151 50
68 151 50
68 151 50
68 151 50
68 151 50
68 151 50
68 151 50
68 151 50
68 151 50
68 151 50
68 151 50
68 151 50
68 151 50
68 151 50
68 151 50
68 151 50
68 151 50
68 151 50
68 151 50
68 151 50
68 151 50
68 151 50
68 151 50
68 151 50
68 151 50
68 151 50
68 151 50
68 151 50
68 151 50
69 151 50
69 151 50
69 151 50
69 151 50
69 151 50
69 151 50
69 151 50
69 151 50
69 151 50
69 151 50
69 151 50
69 151 50
69 151 50
69 151 50
69 151 50
69 151 50
69 151 50
69 151 50
69 151 50
69 151 50
69 151 50
69 151 50
69 151 50
69 151 50
69 151 50
69 151 50
69 151 50
69 151 50
69 151 50
69 151 50
69 151 50
69 151 50
69 151 50
69 151 50
69 151 50
69 151 50
69 151 50
69 151 50
69 151 50
69 151 50
69 151 50
69 151 50
69 151 50
69 151 50
69 151 50
69 151 50
69 151 50
69 151 50
69 151 50
69 151 50
69 151 50
69 151 50
69 151 50
69 151 50
69 151 50
69 151 50
69 151 50
69 151 50
69 151 50
69 151 50
69 151 50
69 151 50
69 151 50
69 151 50
70 151 50
70 151 50
70 151 50
70 151 50
70 151 50
70 151 50
70 151 50
70 151 50
70 151 50
70 151 50
70 151 50
70 151 50
70 151 50
70 151 50
70 151 50
70 151 50
70 151 50
70 151 50
70 151 50
70 151 50
70 151 50
70 151 50
70 151 50
70 151 50
70 151 50
70 151 50
70 151 50
70 151 50
70 151 50
70 151 50
70 151 50
70 151 50
70 151 50
70 151 50
70 151 50
70 151 50
70 151 50
70 151 50
70 151 50
70 151 50
70 151 50
70 151 50
70 151 50
70 151 50
70 151 50
70 151 50
70 151 50
70 151 50
70 151 50
70 151 50
70 151 50
70 151 50
70 151 50
70 151 50
70 151 50
70 151 50
70 151 50
70 151 50
70 151 50
71 151 50
71 151 50
71 151 50
71 151 50
71 151 50
71 151 50
71 151 50
71 151 50
71 151 50
71 151 50
71 151 50
71 151 50
71 151 50
71 151 50
71 151 50
71 151 50
71 151 50
71 151 50
71 151 50
71 151 50
71 151 50
71 151 50
71 151 50
71 151 50
71 151 50
71 151 50
71 151 50
71 151 50
71 151 50
71 151 50
71 151 50
71 151 50
71 151 50
71 151 50
71 151 50
71 151 50
71 151 50
71 151 50
71 151 50
71 151 50
71 151 50
71 151 50
71 151 50
71 151 50
71 151 50
71 151 50
71 151 50
71 151 50
71 151 50
71 151 50
71 151 50
71 151 50
71 151 50
71 151 50
72 151 50
72 151 50
72 151 50
72 151 50
72 151 50
72 151 50
72 151 50
72 151 50
72 151 50
72 151 50
72 151 50
72 151 50
72 151 50
72 151 50
72 151 50
72 151 50
72 151 50
72 151 50
72 151 50
72 151 50
72 151 50
72 151 50
72 151 50
72 151 50
72 151 50
72 151 50
72 151 50
72 151 50
72 151 50
72 151 50
72 151 50
72 151 50
72 151 50
72 151 50
72 151 50
72 151 50
72 151 50
72 151 50
72 151 50
72 151 50
72 151 50
72 151 50
72 151 50
72 151 50
72 151 50
72 151 50
72 151 50
72 151 50
73 151 50
73 151 50
73 151 50
73 151 50
73 151 50
73 151 50
73 151 50
73 151 50
73 151 50
73 151 50
73 151 50
73 151 50
73 151 50
73 151 50
73 151 50
73 151 50
73 151 50
73 151 50
73 151 50
73 151 50
73 151 50
73 151 50
73 151 50
73 151 50
73 151 50
73 151 50
73 151 50
73 151 50
73 151 50
73 151 50
73 151 50
73 151 50
73 151 50
73 151 50
73 151 50
73 151 50
73 151 50
73 151 50
73 151 50
73 151 50
73 151 50
73 151 50
73 151 50
74 151 50
74 151 50
74 151 50
74 151 50
74 151 50
74 151 50
74 151 50
74 151 50
74 151 50
74 151 50
74 151 50
74 151 50
74 151 50
74 151 50
74 151 50
74 151 50
74 151 50
74 151 50
74 151 50
74 151 50
74 151 50
74 151 50
74 151 50
74 151 50
74 151 50
74 151 50
74 151 50
74 151 50
74 151 50
74 151 50
74 151 50
74 151 50
74 151 50
74 151 50
74 151 50
74 151 50
74 151 50
75 151 50
75 151 50
75 151 50
75 151 50
75 151 50
75 151 50
75 151 50
75 151 50
75 151 50
75 151 50
75 151 50
75 151 50
75 151 50
75 151 50
75 151 50
75 151 50
75 151 50
75 151 50
75 151 50
75 151 50
75 151 50
75 151 50
75 151 50
75 151 50
75 151 50
75 151 50
75 151 50
75 151 50
75 151 50
75 151 50
75 151 50
75 151 50
76 151 50
76 151 50
76 151 50
76 151 50
76 151 50
76 151 50
76 151 50
76 151 50
76 151 50
76 151 50
76 151 50
76 151 50
76 151 50
76 151 50
76 151 50
76 151 50
76 151 50
76 151 50
76 151 50
76 151 50
76 151 50
76 151 50
76 151 50
76 151 50
76 151 50
76 151 50
77 151 50
77 151 50
77 151 50
77 151 50
77 151 50
77 151 50
77 151 50
77 151 50
77 151 50
77 151 50
77 151 50
77 151 50
77 151 50
77 151 50
77 151 50
77 151 50
77 151 50
77 151 50
77 151 50
77 151 50
77 151 50
77 151 50
78 151 50
78 151 50
78 151 50
78 151 50
78 151 50
78 151 50
78 151 50
78 151 50
78 151 50
78 151 50
78 151 50
78 151 50
78 151 50
78 151 50
78 151 50
78 151 50
78 151 50
79 151 50
79 151 50
79 151 50
79 151 50
79 151 50
79 151 50
79 151 50
79 151 50
79 151 50
79 151 50
79 151 50
79 151 50
79 151 50
79 151 50
80 151 50
80 151 50
80 151 50
80 151 50
80 151 50
80 151 50
80 151 50
80 151 50
80 151 50
80 151 50
80 151 50
108 77 50
108 76 50
108 75 50
108 74 50
108 73 50
108 72 50
108 71 50
108 70 50
108 70 50
108 69 50
108 69 50
108 69 50
108 68 50
108 68 50
108 68 50
108 68 50
108 67 50
108 67 50
108 67 50
108 67 50
108 67 50
108 67 50
108 66 50
108 66 50
108 66 50
108 66 50
108 66 50
108 66 50
108 66 50
108 66 50
108 65 50
108 65 50
108 65 50
108 65 50
108 65 50
108 65 50
108 65 50
108 65 50
108 65 50
108 65 50
108 65 50
108 65 50
108 64 50
108 64 50
108 64 50
108 64 50
108 64 50
108 64 50
108 64 50
108 64 50
108 64 50
108 64 50
108 64 50
108 64 50
108 64 50
108 64 50
108 64 50
108 64 50
108 63 50
108 63 50
108 63 50
108 63 50
108 63 50
108 63 50
108 63 50
108 63 50
108 63 50
108 63 50
108 63 50
108 63 50
108 63 50
108 63 50
108 63 50
108 63 50
108 63 50
108 63 50
108 63 50
108 62 50
108 62 50
108 62 50
108 62 50
108 62 50
108 62 50
108 62 50
108 62 50
108 62 50
108 62 50
108 62 50
108 62 50
108 62 50
108 62 50
108 62 50
108 62 50
108 62 50
108 62 50
108 62 50
108 62 50
108 62 50
108 62 50
108 61 50
108 61 50
108 61 50
108 61 50
108 61 50
108 61 50
108 61 50
108 61 50
108 61 50
108 61 50
108 61 50
108 61 50
108 61 50
108 61 50
108 61 50
108 61 50
108 61 50
108 61 50
108 61 50
108 61 50
108 61 50
108 61 50
108 61 50
108 60 50
108 60 50
108 60 50
108 60 50
108 60 50
108 60 50
108 60 50
108 60 50
108 60 50
108 60 50
108 60 50
108 60 50
108 60 50
108 60 50
108 60 50
108 60 50
108 60 50
108 60 50
108 60 50
108 60 50
108 60 50
108 60 50
108 59 50
108 59 50
108 59 50
108 59 50
108 59 50
108 59 50
108 59 50
108 59 50
108 59 50
108 59 50
108 59 50
108 59 50
108 59 50
108 59 50
108 59 50
108 59 50
108 59 50
108 59 50
108 59 50
108 59 50
108 59 50
108 58 50
108 58 50
108 58 50
108 58 50
108 58 50
108 58 50
108 58 50
108 58 50
108 58 50
108 58 50
108 58 50
108 58 50
108 58 50
108 58 50
108 58 50
108 58 50
108 58 50
108 58 50
108 58 50
108 57 50
108 57 50
108 57 50
108 57 50
108 57 50
108 57 50
108 57 50
108 57 50
108 57 50
108 57 50
108 57 50
108 57 50
108 57 50
108 57 50
108 57 50
108 57 50
108 57 50
108 56 50
108 56 50
108 56 50
108 56 50
108 56 50
108 56 50
108 56 50
108 56 50
108 56 50
108 56 50
108 56 50
108 56 50
108 56 50
108 56 50
108 56 50
108 55 50
108 55 50
108 55 50
108 55 50
108 55 50
108 55 50
108 55 50
108 55 50
108 55 50
108 55 50
108 55 50
108 55 50
108 55 50
108 54 50
108 54 50
108 54 50
108 54 50
108 54 50
108 54 50
108 54 50
108 54 50
108 54 50
108 54 50
108 54 50
108 53 50
108 53 50
108 53 50
108 53 50
108 53 50
108 53 50
108 53 50
108 53 50
108 53 50
108 53 50
108 52 50
108 52 50
108 52 50
108 52 50
108 52 50
108 52 50
108 52 50
108 52 50
108 52 50
108 51 50
108 51 50
108 51 50
108 51 50
108 51 50
108 51 50
108 51 50
108 51 50
108 50 50
108 50 50
108 50 50
108 50 50
108 50 50
108 50 50
108 50 50
108 49 50
108 49 50
108 49 50
108 49 50
108 49 50
108 49 50
108 49 50
108 48 50
108 48 50
108 48 50
108 48 50
108 48 50
108 48 50
108 47 50
108 47 50
108 47 50
108 47 50
108 47 50
108 46 50
108 46 50
108 46 50
108 46 50
108 45 50
108 45 50
108 45 50
108 44 50
108 44 50
108 43 50
108 43 50
108 42 50
108 42 50
108 41 50
108 40 50
108 39 50
108 38 50
108 37 50
108 37 50
108 36 50
108 36 50
108 35 50
108 35 50
108 34 50
108 34 50
108 33 50
108 33 50
108 32 50
108 32 50
108 31 50
108 31 50
108 30 50
108 30 50
108 29 50
108 29 50
