17 72 50
16 72 50
15 72 50
14 72 50
13 72 50
12 72 50
11 72 50
10 72 50
9 72 50
8 72 50
8 72 50
7 72 50
7 72 50
6 72 50
6 72 50
5 72 50
5 72 50
4 72 50
4 72 50
3 72 50
3 72 50
2 72 50
2 72 50
1 72 50
1 72 50
1 72 50
1 71 50
1 71 50
1 71 50
1 70 50
1 70 50
1 70 50
1 70 50
1 69 50
1 69 50
1 69 50
1 69 50
1 69 50
1 69 50
1 68 50
1 68 50
1 68 50
1 68 50
1 68 50
1 68 50
1 68 50
1 67 50
1 67 50
1 67 50
1 67 50
1 67 50
1 67 50
1 67 50
1 67 50
1 67 50
1 66 50
1 66 50
1 66 50
1 66 50
1 66 50
1 66 50
1 66 50
1 66 50
1 66 50
1 66 50
1 66 50
1 65 50
1 65 50
1 65 50
1 65 50
1 65 50
1 65 50
1 65 50
1 65 50
1 65 50
1 65 50
1 65 50
1 65 50
1 65 50
1 64 50
1 64 50
1 64 50
1 64 50
1 64 50
1 64 50
1 64 50
1 64 50
1 64 50
1 64 50
1 64 50
1 64 50
1 64 50
1 64 50
1 63 50
1 63 50
1 63 50
1 63 50
1 63 50
1 63 50
1 63 50
1 63 50
1 63 50
1 63 50
1 63 50
1 63 50
1 63 50
1 63 50
1 63 50
1 63 50
1 62 50
1 62 50
1 62 50
1 62 50
1 62 50
1 62 50
1 62 50
1 62 50
1 62 50
1 62 50
1 62 50
1 62 50
1 62 50
1 62 50
1 62 50
1 62 50
1 62 50
1 61 50
1 61 50
1 61 50
1 61 50
1 61 50
1 61 50
1 61 50
1 61 50
1 61 50
1 61 50
1 61 50
1 61 50
1 61 50
1 61 50
1 61 50
1 61 50
1 61 50
1 61 50
1 61 50
1 60 50
1 60 50
1 60 50
1 60 50
1 60 50
1 60 50
1 60 50
1 60 50
1 60 50
1 60 50
1 60 50
1 60 50
1 60 50
1 60 50
1 60 50
1 60 50
1 60 50
1 60 50
1 60 50
1 60 50
1 60 50
1 60 50
1 59 50
1 59 50
1 59 50
1 59 50
1 59 50
1 59 50
1 59 50
1 59 50
1 59 50
1 59 50
1 59 50
1 59 50
1 59 50
1 59 50
1 59 50
1 59 50
1 59 50
1 59 50
1 59 50
1 59 50
1 59 50
1 59 50
1 59 50
1 59 50
1 59 50
1 58 50
1 58 50
1 58 50
1 58 50
1 58 50
1 58 50
1 58 50
1 58 50
1 58 50
1 58 50
1 58 50
1 58 50
1 58 50
1 58 50
1 58 50
1 58 50
1 58 50
1 58 50
1 58 50
1 58 50
1 58 50
1 58 50
1 58 50
1 58 50
1 58 50
1 58 50
1 58 50
1 58 50
1 58 50
1 57 50
1 57 50
1 57 50
1 57 50
1 57 50
1 57 50
1 57 50
1 57 50
1 57 50
1 57 50
1 57 50
1 57 50
1 57 50
1 57 50
1 57 50
1 57 50
1 57 50
1 57 50
1 57 50
1 57 50
1 57 50
1 57 50
1 57 50
1 57 50
1 57 50
1 57 50
1 57 50
1 57 50
1 57 50
1 57 50
1 57 50
1 57 50
1 57 50
1 57 50
1 56 50
1 56 50
1 56 50
1 56 50
1 56 50
1 56 50
1 56 50
1 56 50
1 56 50
1 56 50
1 56 50
1 56 50
1 56 50
1 56 50
1 56 50
1 56 50
1 56 50
1 56 50
1 56 50
1 56 50
1 56 50
1 56 50
1 56 50
1 56 50
1 56 50
1 56 50
1 56 50
1 56 50
1 56 50
1 56 50
1 56 50
1 56 50
1 56 50
1 56 50
1 56 50
1 56 50
1 56 50
1 56 50
1 56 50
1 56 50
1 55 50
1 55 50
1 55 50
1 55 50
1 55 50
1 55 50
1 55 50
1 55 50
1 55 50
1 55 50
1 55 50
1 55 50
1 55 50
1 55 50
1 55 50
1 55 50
1 55 50
1 55 50
1 55 50
1 55 50
1 55 50
1 55 50
1 55 50
1 55 50
1 55 50
1 55 50
1 55 50
1 55 50
1 55 50
1 55 50
1 55 50
1 55 50
1 55 50
1 55 50
1 55 50
1 55 50
1 55 50
1 55 50
1 55 50
1 55 50
1 55 50
1 55 50
1 55 50
1 55 50
1 55 50
1 55 50
1 54 50
1 54 50
1 54 50
1 54 50
1 54 50
1 54 50
1 54 50
1 54 50
1 54 50
1 54 50
1 54 50
1 54 50
1 54 50
1 54 50
1 54 50
1 54 50
1 54 50
1 54 50
1 54 50
1 54 50
1 54 50
1 54 50
1 54 50
1 54 50
1 54 50
1 54 50
1 54 50
1 54 50
1 54 50
1 54 50
1 54 50
1 54 50
1 54 50
1 54 50
1 54 50
1 54 50
1 54 50
1 54 50
1 54 50
1 54 50
1 54 50
1 54 50
1 54 50
1 54 50
1 54 50
1 54 50
1 54 50
1 54 50
1 54 50
1 54 50
1 54 50
1 54 50
1 54 50
1 53 50
1 53 50
1 53 50
1 53 50
1 53 50
1 53 50
1 53 50
1 53 50
1 53 50
1 53 50
1 53 50
1 53 50
1 53 50
1 53 50
1 53 50
1 53 50
1 53 50
1 53 50
1 53 50
1 53 50
1 53 50
1 53 50
1 53 50
1 53 50
1 53 50
1 53 50
1 53 50
1 53 50
1 53 50
1 53 50
1 53 50
1 53 50
1 53 50
1 53 50
1 53 50
1 53 50
1 53 50
1 53 50
1 53 50
1 53 50
1 53 50
1 53 50
1 53 50
1 53 50
1 53 50
1 53 50
1 53 50
1 53 50
1 53 50
1 53 50
1 53 50
1 53 50
1 53 50
1 53 50
1 53 50
1 53 50
1 53 50
1 53 50
1 53 50
1 52 50
1 52 50
1 52 50
1 52 50
1 52 50
1 52 50
1 52 50
1 52 50
1 52 50
1 52 50
1 52 50
1 52 50
1 52 50
1 52 50
1 52 50
1 52 50
1 52 50
1 52 50
1 52 50
1 52 50
1 52 50
1 52 50
1 52 50
1 52 50
1 52 50
1 52 50
1 52 50
1 52 50
1 52 50
1 52 50
1 52 50
1 52 50
1 52 50
1 52 50
1 52 50
1 52 50
1 52 50
1 52 50
1 52 50
1 52 50
1 52 50
1 52 50
1 52 50
1 52 50
1 52 50
1 52 50
1 52 50
1 52 50
1 52 50
1 52 50
1 52 50
1 52 50
1 52 50
1 52 50
1 52 50
1 52 50
1 52 50
1 52 50
1 52 50
1 52 50
1 52 50
1 52 50
1 52 50
1 51 50
1 51 50
1 51 50
1 51 50
1 51 50
1 51 50
1 51 50
1 51 50
1 51 50
1 51 50
1 51 50
1 51 50
1 51 50
1 51 50
1 51 50
1 51 50
1 51 50
1 51 50
1 51 50
1 51 50
1 51 50
1 51 50
1 51 50
1 51 50
1 51 50
1 51 50
1 51 50
1 51 50
1 51 50
1 51 50
1 51 50
1 51 50
1 51 50
1 51 50
1 51 50
1 51 50
1 51 50
1 51 50
1 51 50
1 51 50
1 51 50
1 51 50
1 51 50
1 51 50
1 51 50
1 51 50
1 51 50
1 51 50
1 51 50
1 51 50
1 51 50
1 51 50
1 51 50
1 51 50
1 51 50
1 51 50
1 51 50
1 51 50
1 51 50
1 51 50
1 51 50
1 51 50
1 51 50
1 51 50
1 51 50
1 51 50
1 51 50
1 50 50
1 50 50
1 50 50
1 50 50
1 50 50
1 50 50
1 50 50
1 50 50
1 50 50
1 50 50
1 50 50
1 50 50
1 50 50
1 50 50
1 50 50
1 50 50
1 50 50
1 50 50
1 50 50
1 50 50
1 50 50
1 50 50
1 50 50
1 50 50
1 50 50
1 50 50
1 50 50
1 50 50
1 50 50
1 50 50
1 50 50
1 50 50
1 50 50
1 50 50
1 50 50
1 50 50
1 50 50
1 50 50
1 50 50
1 50 50
1 50 50
1 50 50
1 50 50
1 50 50
1 50 50
1 50 50
1 50 50
1 50 50
1 50 50
1 50 50
1 50 50
1 50 50
1 50 50
1 50 50
1 50 50
1 50 50
1 50 50
1 50 50
1 50 50
1 50 50
1 50 50
1 50 50
1 50 50
1 50 50
1 50 50
1 50 50
1 50 50
1 50 50
1 50 50
1 49 50
1 49 50
1 49 50
1 49 50
1 49 50
1 49 50
1 49 50
1 49 50
1 49 50
1 49 50
1 49 50
1 49 50
1 49 50
1 49 50
1 49 50
1 49 50
1 49 50
1 49 50
1 49 50
1 49 50
1 49 50
1 49 50
1 49 50
1 49 50
1 49 50
1 49 50
1 49 50
1 49 50
1 49 50
1 49 50
1 49 50
1 49 50
1 49 50
1 49 50
1 49 50
1 49 50
1 49 50
1 49 50
1 49 50
1 49 50
1 49 50
1 49 50
1 49 50
1 49 50
1 49 50
1 49 50
1 49 50
1 49 50
1 49 50
1 49 50
1 49 50
1 49 50
1 49 50
1 49 50
1 49 50
1 49 50
1 49 50
1 49 50
1 49 50
1 49 50
1 49 50
1 49 50
1 49 50
1 49 50
1 49 50
1 49 50
1 49 50
1 49 50
1 49 50
1 49 50
1 48 50
1 48 50
1 48 50
1 48 50
1 48 50
1 48 50
1 48 50
1 48 50
1 48 50
1 48 50
1 48 50
1 48 50
1 48 50
1 48 50
1 48 50
1 48 50
1 48 50
1 48 50
1 48 50
1 48 50
1 48 50
1 48 50
1 48 50
1 48 50
1 48 50
1 48 50
1 48 50
1 48 50
1 48 50
1 48 50
1 48 50
1 48 50
1 48 50
1 48 50
1 48 50
1 48 50
1 48 50
1 48 50
1 48 50
1 48 50
1 48 50
1 48 50
1 48 50
1 48 50
1 48 50
1 48 50
1 48 50
1 48 50
1 48 50
1 48 50
1 48 50
1 48 50
1 48 50
1 48 50
1 48 50
1 48 50
1 48 50
1 48 50
1 48 50
1 48 50
1 48 50
1 48 50
1 48 50
1 48 50
1 48 50
1 48 50
1 48 50
1 48 50
1 48 50
1 48 50
1 47 50
1 47 50
1 47 50
1 47 50
1 47 50
1 47 50
1 47 50
1 47 50
1 47 50
1 47 50
1 47 50
1 47 50
1 47 50
1 47 50
1 47 50
1 47 50
1 47 50
1 47 50
1 47 50
1 47 50
1 47 50
1 47 50
1 47 50
1 47 50
1 47 50
1 47 50
1 47 50
1 47 50
1 47 50
1 47 50
1 47 50
1 47 50
1 47 50
1 47 50
1 47 50
1 47 50
1 47 50
1 47 50
1 47 50
1 47 50
1 47 50
1 47 50
1 47 50
1 47 50
1 47 50
1 47 50
1 47 50
1 47 50
1 47 50
1 47 50
1 47 50
1 47 50
1 47 50
1 47 50
1 47 50
1 47 50
1 47 50
1 47 50
1 47 50
1 47 50
1 47 50
1 47 50
1 47 50
1 47 50
1 47 50
1 47 50
1 47 50
1 47 50
1 47 50
1 46 50
1 46 50
1 46 50
1 46 50
1 46 50
1 46 50
1 46 50
1 46 50
1 46 50
1 46 50
1 46 50
1 46 50
1 46 50
1 46 50
1 46 50
1 46 50
1 46 50
1 46 50
1 46 50
1 46 50
1 46 50
1 46 50
1 46 50
1 46 50
1 46 50
1 46 50
1 46 50
1 46 50
1 46 50
1 46 50
1 46 50
1 46 50
1 46 50
1 46 50
1 46 50
1 46 50
1 46 50
1 46 50
1 46 50
1 46 50
1 46 50
1 46 50
1 46 50
1 46 50
1 46 50
1 46 50
1 46 50
1 46 50
1 46 50
1 46 50
1 46 50
1 46 50
1 46 50
1 46 50
1 46 50
1 46 50
1 46 50
1 46 50
1 46 50
1 46 50
1 46 50
1 46 50
1 46 50
1 46 50
1 46 50
1 46 50
1 46 50
1 45 50
1 45 50
1 45 50
1 45 50
1 45 50
1 45 50
1 45 50
1 45 50
1 45 50
1 45 50
1 45 50
1 45 50
1 45 50
1 45 50
1 45 50
1 45 50
1 45 50
1 45 50
1 45 50
1 45 50
1 45 50
1 45 50
1 45 50
1 45 50
1 45 50
1 45 50
1 45 50
1 45 50
1 45 50
1 45 50
1 45 50
1 45 50
1 45 50
1 45 50
1 45 50
1 45 50
1 45 50
1 45 50
1 45 50
1 45 50
1 45 50
1 45 50
1 45 50
1 45 50
1 45 50
1 45 50
1 45 50
1 45 50
1 45 50
1 45 50
1 45 50
1 45 50
1 45 50
1 45 50
1 45 50
1 45 50
1 45 50
1 45 50
1 45 50
1 45 50
1 45 50
1 45 50
1 45 50
1 45 50
1 45 50
1 44 50
1 44 50
1 44 50
1 44 50
1 44 50
1 44 50
1 44 50
1 44 50
1 44 50
1 44 50
1 44 50
1 44 50
1 44 50
1 44 50
1 44 50
1 44 50
1 44 50
1 44 50
1 44 50
1 44 50
1 44 50
1 44 50
1 44 50
1 44 50
1 44 50
1 44 50
1 44 50
1 44 50
1 44 50
1 44 50
1 44 50
1 44 50
1 44 50
1 44 50
1 44 50
1 44 50
1 44 50
1 44 50
1 44 50
1 44 50
1 44 50
1 44 50
1 44 50
1 44 50
1 44 50
1 44 50
1 44 50
1 44 50
1 44 50
1 44 50
1 44 50
1 44 50
1 44 50
1 44 50
1 44 50
1 44 50
1 44 50
1 44 50
1 44 50
1 44 50
1 44 50
1 44 50
1 43 50
1 43 50
1 43 50
1 43 50
1 43 50
1 43 50
1 43 50
1 43 50
1 43 50
1 43 50
1 43 50
1 43 50
1 43 50
1 43 50
1 43 50
1 43 50
1 43 50
1 43 50
1 43 50
1 43 50
1 43 50
1 43 50
1 43 50
1 43 50
1 43 50
1 43 50
1 43 50
1 43 50
1 43 50
1 43 50
1 43 50
1 43 50
1 43 50
1 43 50
1 43 50
1 43 50
1 43 50
1 43 50
1 43 50
1 43 50
1 43 50
1 43 50
1 43 50
1 43 50
1 43 50
1 43 50
1 43 50
1 43 50
1 43 50
1 43 50
1 43 50
1 43 50
1 43 50
1 43 50
1 43 50
1 43 50
1 43 50
1 43 50
1 43 50
1 42 50
1 42 50
1 42 50
1 42 50
1 42 50
1 42 50
1 42 50
1 42 50
1 42 50
1 42 50
1 42 50
1 42 50
1 42 50
1 42 50
1 42 50
1 42 50
1 42 50
1 42 50
1 42 50
1 42 50
1 42 50
1 42 50
1 42 50
1 42 50
1 42 50
1 42 50
1 42 50
1 42 50
1 42 50
1 42 50
1 42 50
1 42 50
1 42 50
1 42 50
1 42 50
1 42 50
1 42 50
1 42 50
1 42 50
1 42 50
1 42 50
1 42 50
1 42 50
1 42 50
1 42 50
1 42 50
1 42 50
1 42 50
1 42 50
1 42 50
1 42 50
1 42 50
1 42 50
1 42 50
1 42 50
1 42 50
1 41 50
1 41 50
1 41 50
1 41 50
1 41 50
1 41 50
1 41 50
1 41 50
1 41 50
1 41 50
1 41 50
1 41 50
1 41 50
1 41 50
1 41 50
1 41 50
1 41 50
1 41 50
1 41 50
1 41 50
1 41 50
1 41 50
1 41 50
1 41 50
1 41 50
1 41 50
1 41 50
1 41 50
1 41 50
1 41 50
1 41 50
1 41 50
1 41 50
1 41 50
1 41 50
1 41 50
1 41 50
1 41 50
1 41 50
1 41 50
1 41 50
1 41 50
1 41 50
1 41 50
1 41 50
1 41 50
1 41 50
1 41 50
1 41 50
1 41 50
1 41 50
1 41 50
1 41 50
1 40 50
1 40 50
1 40 50
1 40 50
1 40 50
1 40 50
1 40 50
1 40 50
1 40 50
1 40 50
1 40 50
1 40 50
1 40 50
1 40 50
1 40 50
1 40 50
1 40 50
1 40 50
1 40 50
1 40 50
1 40 50
1 40 50
1 40 50
1 40 50
1 40 50
1 40 50
1 40 50
1 40 50
1 40 50
1 40 50
1 40 50
1 40 50
1 40 50
1 40 50
1 40 50
1 40 50
1 40 50
1 40 50
1 40 50
1 40 50
1 40 50
1 40 50
1 40 50
1 40 50
1 40 50
1 40 50
1 40 50
1 40 50
1 40 50
1 40 50
1 39 50
1 39 50
1 39 50
1 39 50
1 39 50
1 39 50
1 39 50
1 39 50
1 39 50
1 39 50
1 39 50
1 39 50
1 39 50
1 39 50
1 39 50
1 39 50
1 39 50
1 39 50
1 39 50
1 39 50
1 39 50
1 39 50
1 39 50
1 39 50
1 39 50
1 39 50
1 39 50
1 39 50
1 39 50
1 39 50
1 39 50
1 39 50
1 39 50
1 39 50
1 39 50
1 39 50
1 39 50
1 39 50
1 39 50
1 39 50
1 39 50
1 39 50
1 39 50
1 39 50
1 39 50
1 39 50
1 38 50
1 38 50
1 38 50
1 38 50
1 38 50
1 38 50
1 38 50
1 38 50
1 38 50
1 38 50
1 38 50
1 38 50
1 38 50
1 38 50
1 38 50
1 38 50
1 38 50
1 38 50
1 38 50
1 38 50
1 38 50
1 38 50
1 38 50
1 38 50
1 38 50
1 38 50
1 38 50
1 38 50
1 38 50
1 38 50
1 38 50
1 38 50
1 38 50
1 38 50
1 38 50
1 38 50
1 38 50
1 38 50
1 38 50
1 38 50
1 38 50
1 38 50
1 37 50
1 37 50
1 37 50
1 37 50
1 37 50
1 37 50
1 37 50
1 37 50
1 37 50
1 37 50
1 37 50
1 37 50
1 37 50
1 37 50
1 37 50
1 37 50
1 37 50
1 37 50
1 37 50
1 37 50
1 37 50
1 37 50
1 37 50
1 37 50
1 37 50
1 37 50
1 37 50
1 37 50
1 37 50
1 37 50
1 37 50
1 37 50
1 37 50
1 37 50
1 37 50
1 37 50
1 37 50
1 37 50
1 37 50
1 36 50
1 36 50
1 36 50
1 36 50
1 36 50
1 36 50
1 36 50
1 36 50
1 36 50
1 36 50
1 36 50
1 36 50
1 36 50
1 36 50
1 36 50
1 36 50
1 36 50
1 36 50
1 36 50
1 36 50
1 36 50
1 36 50
1 36 50
1 36 50
1 36 50
1 36 50
1 36 50
1 36 50
1 36 50
1 36 50
1 36 50
1 36 50
1 36 50
1 36 50
1 36 50
1 36 50
1 35 50
1 35 50
1 35 50
1 35 50
1 35 50
1 35 50
1 35 50
1 35 50
1 35 50
1 35 50
1 35 50
1 35 50
1 35 50
1 35 50
1 35 50
1 35 50
1 35 50
1 35 50
1 35 50
1 35 50
1 35 50
1 35 50
1 35 50
1 35 50
1 35 50
1 35 50
1 35 50
1 35 50
1 35 50
1 35 50
1 35 50
1 35 50
1 35 50
1 34 50
1 34 50
1 34 50
1 34 50
1 34 50
1 34 50
1 34 50
1 34 50
1 34 50
1 34 50
1 34 50
1 34 50
1 34 50
1 34 50
1 34 50
1 34 50
1 34 50
1 34 50
1 34 50
1 34 50
1 34 50
1 34 50
1 34 50
1 34 50
1 34 50
1 34 50
1 34 50
1 34 50
1 34 50
1 34 50
1 33 50
1 33 50
1 33 50
1 33 50
1 33 50
1 33 50
1 33 50
1 33 50
1 33 50
1 33 50
1 33 50
1 33 50
1 33 50
1 33 50
1 33 50
1 33 50
1 33 50
1 33 50
1 33 50
1 33 50
1 33 50
1 33 50
1 33 50
1 33 50
1 33 50
1 33 50
1 33 50
1 32 50
1 32 50
1 32 50
1 32 50
1 32 50
1 32 50
1 32 50
1 32 50
1 32 50
1 32 50
1 32 50
1 32 50
1 32 50
1 32 50
1 32 50
1 32 50
1 32 50
1 32 50
1 32 50
1 32 50
1 32 50
1 32 50
1 32 50
1 32 50
1 31 50
1 31 50
1 31 50
1 31 50
1 31 50
1 31 50
1 31 50
1 31 50
1 31 50
1 31 50
1 31 50
1 31 50
1 31 50
1 31 50
1 31 50
1 31 50
1 31 50
1 31 50
1 31 50
1 31 50
1 31 50
1 30 50
1 30 50
1 30 50
1 30 50
1 30 50
1 30 50
1 30 50
1 30 50
1 30 50
1 30 50
1 30 50
1 30 50
1 30 50
1 30 50
1 30 50
1 30 50
1 30 50
1 29 50
1 29 50
1 29 50
1 29 50
1 29 50
1 29 50
1 29 50
1 29 50
1 29 50
1 29 50
1 29 50
1 29 50
1 29 50
1 29 50
1 28 50
1 28 50
1 28 50
1 28 50
1 28 50
1 28 50
1 28 50
1 28 50
1 28 50
1 28 50
1 28 50
1 28 50
1 27 50
1 27 50
1 27 50
1 27 50
1 27 50
1 27 50
1 27 50
1 27 50
1 27 50
1 26 50
1 26 50
1 26 50
1 26 50
1 26 50
1 26 50
1 26 50
1 25 50
1 25 50
1 25 50
1 25 50
1 25 50
1 25 50
1 24 50
1 24 50
1 24 50
1 24 50
1 24 50
1 23 50
1 23 50
1 23 50
1 23 50
1 22 50
1 22 50
1 22 50
1 21 50
1 21 50
1 20 50
1 20 50
1 19 50
1 19 50
1 18 50
1 17 50
1 16 50
1 15 50
1 14 50
1 13 50
1 12 50
1 11 50
1 10 50
1 9 50
1 8 50
1 7 50
49 45 50
49 45 50
49 45 50
49 45 50
49 45 50
48 45 50
48 45 50
48 45 50
48 45 50
48 45 50
48 45 50
47 45 50
47 45 50
47 45 50
47 45 50
47 45 50
47 45 50
47 45 50
46 45 50
46 45 50
46 45 50
46 45 50
46 45 50
46 45 50
46 45 50
46 45 50
45 45 50
45 45 50
45 45 50
45 45 50
45 45 50
45 45 50
45 45 50
45 45 50
45 45 50
45 45 50
44 45 50
44 45 50
44 45 50
44 45 50
44 45 50
44 45 50
44 45 50
44 45 50
44 45 50
44 45 50
44 45 50
43 45 50
43 45 50
43 45 50
43 45 50
43 45 50
43 45 50
43 45 50
43 45 50
43 45 50
43 45 50
43 45 50
43 45 50
43 45 50
42 45 50
42 45 50
42 45 50
42 45 50
42 45 50
42 45 50
42 45 50
42 45 50
42 45 50
42 45 50
42 45 50
42 45 50
42 45 50
42 45 50
42 45 50
41 45 50
41 45 50
41 45 50
41 45 50
41 45 50
41 45 50
41 45 50
41 45 50
41 45 50
41 45 50
41 45 50
41 45 50
41 45 50
41 45 50
41 45 50
41 45 50
40 45 50
40 45 50
40 45 50
40 45 50
40 45 50
40 45 50
40 45 50
40 45 50
40 45 50
40 45 50
40 45 50
40 45 50
40 45 50
40 45 50
40 45 50
40 45 50
40 45 50
39 45 50
39 45 50
39 45 50
39 45 50
39 45 50
39 45 50
39 45 50
39 45 50
39 45 50
39 45 50
39 45 50
39 45 50
39 45 50
39 45 50
39 45 50
39 45 50
39 45 50
38 45 50
38 45 50
38 45 50
38 45 50
38 45 50
38 45 50
38 45 50
38 45 50
38 45 50
38 45 50
38 45 50
38 45 50
38 45 50
38 45 50
38 45 50
38 45 50
38 45 50
38 45 50
37 45 50
37 45 50
37 45 50
37 45 50
37 45 50
37 45 50
37 45 50
37 45 50
37 45 50
37 45 50
37 45 50
37 45 50
37 45 50
37 45 50
37 45 50
37 45 50
37 45 50
37 45 50
37 45 50
36 45 50
36 45 50
36 45 50
36 45 50
36 45 50
36 45 50
36 45 50
36 45 50
36 45 50
36 45 50
36 45 50
36 45 50
36 45 50
36 45 50
36 45 50
36 45 50
36 45 50
36 45 50
36 45 50
36 45 50
36 45 50
35 45 50
35 45 50
35 45 50
35 45 50
35 45 50
35 45 50
35 45 50
35 45 50
35 45 50
35 45 50
35 45 50
35 45 50
35 45 50
35 45 50
35 45 50
35 45 50
35 45 50
35 45 50
35 45 50
35 45 50
35 45 50
35 45 50
35 45 50
34 45 50
34 45 50
34 45 50
34 45 50
34 45 50
34 45 50
34 45 50
34 45 50
34 45 50
34 45 50
34 45 50
34 45 50
34 45 50
34 45 50
34 45 50
34 45 50
34 45 50
34 45 50
34 45 50
34 45 50
34 45 50
34 45 50
34 45 50
34 45 50
34 45 50
33 45 50
33 45 50
33 45 50
33 45 50
33 45 50
33 45 50
33 45 50
33 45 50
33 45 50
33 45 50
33 45 50
33 45 50
33 45 50
33 45 50
33 45 50
33 45 50
33 45 50
33 45 50
33 45 50
33 45 50
33 45 50
33 45 50
33 45 50
33 45 50
33 45 50
33 45 50
33 45 50
33 45 50
32 45 50
32 45 50
32 45 50
32 45 50
32 45 50
32 45 50
32 45 50
32 45 50
32 45 50
32 45 50
32 45 50
32 45 50
32 45 50
32 45 50
32 45 50
32 45 50
32 45 50
32 45 50
32 45 50
32 45 50
32 45 50
32 45 50
32 45 50
32 45 50
32 45 50
32 45 50
32 45 50
32 45 50
32 45 50
32 45 50
32 45 50
31 45 50
31 45 50
31 45 50
31 45 50
31 45 50
31 45 50
31 45 50
31 45 50
31 45 50
31 45 50
31 45 50
31 45 50
31 45 50
31 45 50
31 45 50
31 45 50
31 45 50
31 45 50
31 45 50
31 45 50
31 45 50
31 45 50
31 45 50
31 45 50
31 45 50
31 45 50
31 45 50
31 45 50
31 45 50
31 45 50
31 45 50
31 45 50
31 45 50
31 45 50
30 45 50
30 45 50
30 45 50
30 45 50
30 45 50
30 45 50
30 45 50
30 45 50
30 45 50
30 45 50
30 45 50
30 45 50
30 45 50
30 45 50
30 45 50
30 45 50
30 45 50
30 45 50
30 45 50
30 45 50
30 45 50
30 45 50
30 45 50
30 45 50
30 45 50
30 45 50
30 45 50
30 45 50
30 45 50
30 45 50
30 45 50
30 45 50
30 45 50
30 45 50
30 45 50
30 45 50
30 45 50
30 45 50
30 45 50
29 45 50
29 45 50
29 45 50
29 45 50
29 45 50
29 45 50
29 45 50
29 45 50
29 45 50
29 45 50
29 45 50
29 45 50
29 45 50
29 45 50
29 45 50
29 45 50
29 45 50
29 45 50
29 45 50
29 45 50
29 45 50
29 45 50
29 45 50
29 45 50
29 45 50
29 45 50
29 45 50
29 45 50
29 45 50
29 45 50
29 45 50
29 45 50
29 45 50
29 45 50
29 45 50
29 45 50
29 45 50
29 45 50
29 45 50
29 45 50
29 45 50
29 45 50
29 45 50
29 45 50
28 45 50
28 45 50
28 45 50
28 45 50
28 45 50
28 45 50
28 45 50
28 45 50
28 45 50
28 45 50
28 45 50
28 45 50
28 45 50
28 45 50
28 45 50
28 45 50
28 45 50
28 45 50
28 45 50
28 45 50
28 45 50
28 45 50
28 45 50
28 45 50
28 45 50
28 45 50
28 45 50
28 45 50
28 45 50
28 45 50
28 45 50
28 45 50
28 45 50
28 45 50
28 45 50
28 45 50
28 45 50
28 45 50
28 45 50
28 45 50
28 45 50
28 45 50
28 45 50
28 45 50
28 45 50
28 45 50
28 45 50
28 45 50
28 45 50
28 45 50
27 45 50
27 45 50
27 45 50
27 45 50
27 45 50
27 45 50
27 45 50
27 45 50
27 45 50
27 45 50
27 45 50
27 45 50
27 45 50
27 45 50
27 45 50
27 45 50
27 45 50
27 45 50
27 45 50
27 45 50
27 45 50
27 45 50
27 45 50
27 45 50
27 45 50
27 45 50
27 45 50
27 45 50
27 45 50
27 45 50
27 45 50
27 45 50
27 45 50
27 45 50
27 45 50
27 45 50
27 45 50
27 45 50
27 45 50
27 45 50
27 45 50
27 45 50
27 45 50
27 45 50
27 45 50
27 45 50
27 45 50
27 45 50
27 45 50
27 45 50
27 45 50
27 45 50
27 45 50
27 45 50
27 45 50
27 45 50
27 45 50
26 45 50
26 45 50
26 45 50
26 45 50
26 45 50
26 45 50
26 45 50
26 45 50
26 45 50
26 45 50
26 45 50
26 45 50
26 45 50
26 45 50
26 45 50
26 45 50
26 45 50
26 45 50
26 45 50
26 45 50
26 45 50
26 45 50
26 45 50
26 45 50
26 45 50
26 45 50
26 45 50
26 45 50
26 45 50
26 45 50
26 45 50
26 45 50
26 45 50
26 45 50
26 45 50
26 45 50
26 45 50
26 45 50
26 45 50
26 45 50
26 45 50
26 45 50
26 45 50
26 45 50
26 45 50
26 45 50
26 45 50
26 45 50
26 45 50
26 45 50
26 45 50
26 45 50
26 45 50
26 45 50
26 45 50
26 45 50
26 45 50
26 45 50
26 45 50
26 45 50
26 45 50
26 45 50
26 45 50
26 45 50
25 45 50
25 45 50
25 45 50
25 45 50
25 45 50
25 45 50
25 45 50
25 45 50
25 45 50
25 45 50
25 45 50
25 45 50
25 45 50
25 45 50
25 45 50
25 45 50
25 45 50
25 45 50
25 45 50
25 45 50
25 45 50
25 45 50
25 45 50
25 45 50
25 45 50
25 45 50
25 45 50
25 45 50
25 45 50
25 45 50
25 45 50
25 45 50
25 45 50
25 45 50
25 45 50
25 45 50
25 45 50
25 45 50
25 45 50
25 45 50
25 45 50
25 45 50
25 45 50
25 45 50
25 45 50
25 45 50
25 45 50
25 45 50
25 45 50
25 45 50
25 45 50
25 45 50
25 45 50
25 45 50
25 45 50
25 45 50
25 45 50
25 45 50
25 45 50
25 45 50
25 45 50
25 45 50
25 45 50
25 45 50
25 45 50
25 45 50
25 45 50
25 45 50
25 45 50
25 45 50
25 45 50
24 45 50
24 45 50
24 45 50
24 45 50
24 45 50
24 45 50
24 45 50
24 45 50
24 45 50
24 45 50
24 45 50
24 45 50
24 45 50
24 45 50
24 45 50
24 45 50
24 45 50
24 45 50
24 45 50
24 45 50
24 45 50
24 45 50
24 45 50
24 45 50
24 45 50
24 45 50
24 45 50
24 45 50
24 45 50
24 45 50
24 45 50
24 45 50
24 45 50
24 45 50
24 45 50
24 45 50
24 45 50
24 45 50
24 45 50
24 45 50
24 45 50
24 45 50
24 45 50
24 45 50
24 45 50
24 45 50
24 45 50
24 45 50
24 45 50
24 45 50
24 45 50
24 45 50
24 45 50
24 45 50
24 45 50
24 45 50
24 45 50
24 45 50
24 45 50
24 45 50
24 45 50
24 45 50
24 45 50
24 45 50
24 45 50
24 45 50
24 45 50
24 45 50
24 45 50
24 45 50
24 45 50
24 45 50
24 45 50
24 45 50
24 45 50
24 45 50
24 45 50
23 45 50
23 45 50
23 45 50
23 45 50
23 45 50
23 45 50
23 45 50
23 45 50
23 45 50
23 45 50
23 45 50
23 45 50
23 45 50
23 45 50
23 45 50
23 45 50
23 45 50
23 45 50
23 45 50
23 45 50
23 45 50
23 45 50
23 45 50
23 45 50
23 45 50
23 45 50
23 45 50
23 45 50
23 45 50
23 45 50
23 45 50
23 45 50
23 45 50
23 45 50
23 45 50
23 45 50
23 45 50
23 45 50
23 45 50
23 45 50
23 45 50
23 45 50
23 45 50
23 45 50
23 45 50
23 45 50
23 45 50
23 45 50
23 45 50
23 45 50
23 45 50
23 45 50
23 45 50
23 45 50
23 45 50
23 45 50
23 45 50
23 45 50
23 45 50
23 45 50
23 45 50
23 45 50
23 45 50
23 45 50
23 45 50
23 45 50
23 45 50
23 45 50
23 45 50
23 45 50
23 45 50
23 45 50
23 45 50
23 45 50
23 45 50
23 45 50
23 45 50
23 45 50
23 45 50
23 45 50
23 45 50
23 45 50
22 45 50
22 45 50
22 45 50
22 45 50
22 45 50
22 45 50
22 45 50
22 45 50
22 45 50
22 45 50
22 45 50
22 45 50
22 45 50
22 45 50
22 45 50
22 45 50
22 45 50
22 45 50
22 45 50
22 45 50
22 45 50
22 45 50
22 45 50
22 45 50
22 45 50
22 45 50
22 45 50
22 45 50
22 45 50
22 45 50
22 45 50
22 45 50
22 45 50
22 45 50
22 45 50
22 45 50
22 45 50
22 45 50
22 45 50
22 45 50
22 45 50
22 45 50
22 45 50
22 45 50
22 45 50
22 45 50
22 45 50
22 45 50
22 45 50
22 45 50
22 45 50
22 45 50
22 45 50
22 45 50
22 45 50
22 45 50
22 45 50
22 45 50
22 45 50
22 45 50
22 45 50
22 45 50
22 45 50
22 45 50
22 45 50
22 45 50
22 45 50
22 45 50
22 45 50
22 45 50
22 45 50
22 45 50
22 45 50
22 45 50
22 45 50
22 45 50
22 45 50
22 45 50
22 45 50
22 45 50
22 45 50
22 45 50
22 45 50
22 45 50
22 45 50
21 45 50
21 45 50
21 45 50
21 45 50
21 45 50
21 45 50
21 45 50
21 45 50
21 45 50
21 45 50
21 45 50
21 45 50
21 45 50
21 45 50
21 45 50
21 45 50
21 45 50
21 45 50
21 45 50
21 45 50
21 45 50
21 45 50
21 45 50
21 45 50
21 45 50
21 45 50
21 45 50
21 45 50
21 45 50
21 45 50
21 45 50
21 45 50
21 45 50
21 45 50
21 45 50
21 45 50
21 45 50
21 45 50
21 45 50
21 45 50
21 45 50
21 45 50
21 45 50
21 45 50
21 45 50
21 45 50
21 45 50
21 45 50
21 45 50
21 45 50
21 45 50
21 45 50
21 45 50
21 45 50
21 45 50
21 45 50
21 45 50
21 45 50
21 45 50
21 45 50
21 45 50
21 45 50
21 45 50
21 45 50
21 45 50
21 45 50
21 45 50
21 45 50
21 45 50
21 45 50
21 45 50
21 45 50
21 45 50
21 45 50
21 45 50
21 45 50
21 45 50
21 45 50
21 45 50
21 45 50
21 45 50
21 45 50
21 45 50
21 45 50
21 45 50
21 45 50
21 45 50
20 45 50
20 45 50
20 45 50
20 45 50
20 45 50
20 45 50
20 45 50
20 45 50
20 45 50
20 45 50
20 45 50
20 45 50
20 45 50
20 45 50
20 45 50
20 45 50
20 45 50
20 45 50
20 45 50
20 45 50
20 45 50
20 45 50
20 45 50
20 45 50
20 45 50
20 45 50
20 45 50
20 45 50
20 45 50
20 45 50
20 45 50
20 45 50
20 45 50
20 45 50
20 45 50
20 45 50
20 45 50
20 45 50
20 45 50
20 45 50
20 45 50
20 45 50
20 45 50
20 45 50
20 45 50
20 45 50
20 45 50
20 45 50
20 45 50
20 45 50
20 45 50
20 45 50
20 45 50
20 45 50
20 45 50
20 45 50
20 45 50
20 45 50
20 45 50
20 45 50
20 45 50
20 45 50
20 45 50
20 45 50
20 45 50
20 45 50
20 45 50
20 45 50
20 45 50
20 45 50
20 45 50
20 45 50
20 45 50
20 45 50
20 45 50
20 45 50
20 45 50
20 45 50
20 45 50
20 45 50
20 45 50
20 45 50
20 45 50
20 45 50
20 45 50
20 45 50
20 45 50
20 45 50
20 45 50
19 45 50
19 45 50
19 45 50
19 45 50
19 45 50
19 45 50
19 45 50
19 45 50
19 45 50
19 45 50
19 45 50
19 45 50
19 45 50
19 45 50
19 45 50
19 45 50
19 45 50
19 45 50
19 45 50
19 45 50
19 45 50
19 45 50
19 45 50
19 45 50
19 45 50
19 45 50
19 45 50
19 45 50
19 45 50
19 45 50
19 45 50
19 45 50
19 45 50
19 45 50
19 45 50
19 45 50
19 45 50
19 45 50
19 45 50
19 45 50
19 45 50
19 45 50
19 45 50
19 45 50
19 45 50
19 45 50
19 45 50
19 45 50
19 45 50
19 45 50
19 45 50
19 45 50
19 45 50
19 45 50
19 45 50
19 45 50
19 45 50
19 45 50
19 45 50
19 45 50
19 45 50
19 45 50
19 45 50
19 45 50
19 45 50
19 45 50
19 45 50
19 45 50
19 45 50
19 45 50
19 45 50
19 45 50
19 45 50
19 45 50
19 45 50
19 45 50
19 45 50
19 45 50
19 45 50
19 45 50
19 45 50
19 45 50
19 45 50
19 45 50
19 45 50
19 45 50
19 45 50
19 45 50
19 45 50
19 45 50
18 45 50
18 45 50
18 45 50
18 45 50
18 45 50
18 45 50
18 45 50
18 45 50
18 45 50
18 45 50
18 45 50
18 45 50
18 45 50
18 45 50
18 45 50
18 45 50
18 45 50
18 45 50
18 45 50
18 45 50
18 45 50
18 45 50
18 45 50
18 45 50
18 45 50
18 45 50
18 45 50
18 45 50
18 45 50
18 45 50
18 45 50
18 45 50
18 45 50
18 45 50
18 45 50
18 45 50
18 45 50
18 45 50
18 45 50
18 45 50
18 45 50
18 45 50
18 45 50
18 45 50
18 45 50
18 45 50
18 45 50
18 45 50
18 45 50
18 45 50
18 45 50
18 45 50
18 45 50
18 45 50
18 45 50
18 45 50
18 45 50
18 45 50
18 45 50
18 45 50
18 45 50
18 45 50
18 45 50
18 45 50
18 45 50
18 45 50
18 45 50
18 45 50
18 45 50
18 45 50
18 45 50
18 45 50
18 45 50
18 45 50
18 45 50
18 45 50
18 45 50
18 45 50
18 45 50
18 45 50
18 45 50
18 45 50
18 45 50
18 45 50
18 45 50
18 45 50
18 45 50
18 45 50
18 45 50
18 45 50
17 45 50
17 45 50
17 45 50
17 45 50
17 45 50
17 45 50
17 45 50
17 45 50
17 45 50
17 45 50
17 45 50
17 45 50
17 45 50
17 45 50
17 45 50
17 45 50
17 45 50
17 45 50
17 45 50
17 45 50
17 45 50
17 45 50
17 45 50
17 45 50
17 45 50
17 45 50
17 45 50
17 45 50
17 45 50
17 45 50
17 45 50
17 45 50
17 45 50
17 45 50
17 45 50
17 45 50
17 45 50
17 45 50
17 45 50
17 45 50
17 45 50
17 45 50
17 45 50
17 45 50
17 45 50
17 45 50
17 45 50
17 45 50
17 45 50
17 45 50
17 45 50
17 45 50
17 45 50
17 45 50
17 45 50
17 45 50
17 45 50
17 45 50
17 45 50
17 45 50
17 45 50
17 45 50
17 45 50
17 45 50
17 45 50
17 45 50
17 45 50
17 45 50
17 45 50
17 45 50
17 45 50
17 45 50
17 45 50
17 45 50
17 45 50
17 45 50
17 45 50
17 45 50
17 45 50
17 45 50
17 45 50
17 45 50
17 45 50
17 45 50
17 45 50
17 45 50
17 45 50
17 45 50
17 45 50
17 45 50
17 45 50
16 45 50
16 45 50
16 45 50
16 45 50
16 45 50
16 45 50
16 45 50
16 45 50
16 45 50
16 45 50
16 45 50
16 45 50
16 45 50
16 45 50
16 45 50
16 45 50
16 45 50
16 45 50
16 45 50
16 45 50
16 45 50
16 45 50
16 45 50
16 45 50
16 45 50
16 45 50
16 45 50
16 45 50
16 45 50
16 45 50
16 45 50
16 45 50
16 45 50
16 45 50
16 45 50
16 45 50
16 45 50
16 45 50
16 45 50
16 45 50
16 45 50
16 45 50
16 45 50
16 45 50
16 45 50
16 45 50
16 45 50
16 45 50
16 45 50
16 45 50
16 45 50
16 45 50
16 45 50
16 45 50
16 45 50
16 45 50
16 45 50
16 45 50
16 45 50
16 45 50
16 45 50
16 45 50
16 45 50
16 45 50
16 45 50
16 45 50
16 45 50
16 45 50
16 45 50
16 45 50
16 45 50
16 45 50
16 45 50
16 45 50
16 45 50
16 45 50
16 45 50
16 45 50
16 45 50
16 45 50
16 45 50
16 45 50
16 45 50
16 45 50
16 45 50
16 45 50
16 45 50
16 45 50
16 45 50
16 45 50
16 45 50
15 45 50
15 45 50
15 45 50
15 45 50
15 45 50
15 45 50
15 45 50
15 45 50
15 45 50
15 45 50
15 45 50
15 45 50
15 45 50
15 45 50
15 45 50
15 45 50
15 45 50
15 45 50
15 45 50
15 45 50
15 45 50
15 45 50
15 45 50
15 45 50
15 45 50
15 45 50
15 45 50
15 45 50
15 45 50
15 45 50
15 45 50
15 45 50
15 45 50
15 45 50
15 45 50
15 45 50
15 45 50
15 45 50
15 45 50
15 45 50
15 45 50
15 45 50
15 45 50
15 45 50
15 45 50
15 45 50
15 45 50
15 45 50
15 45 50
15 45 50
15 45 50
15 45 50
15 45 50
15 45 50
15 45 50
15 45 50
15 45 50
15 45 50
15 45 50
15 45 50
15 45 50
15 45 50
15 45 50
15 45 50
15 45 50
15 45 50
15 45 50
15 45 50
15 45 50
15 45 50
15 45 50
15 45 50
15 45 50
15 45 50
15 45 50
15 45 50
15 45 50
15 45 50
15 45 50
15 45 50
15 45 50
15 45 50
15 45 50
15 45 50
15 45 50
15 45 50
15 45 50
15 45 50
15 45 50
15 45 50
15 45 50
14 45 50
14 45 50
14 45 50
14 45 50
14 45 50
14 45 50
14 45 50
14 45 50
14 45 50
14 45 50
14 45 50
14 45 50
14 45 50
14 45 50
14 45 50
14 45 50
14 45 50
14 45 50
14 45 50
14 45 50
14 45 50
14 45 50
14 45 50
14 45 50
14 45 50
14 45 50
14 45 50
14 45 50
14 45 50
14 45 50
14 45 50
14 45 50
14 45 50
14 45 50
14 45 50
14 45 50
14 45 50
14 45 50
14 45 50
14 45 50
14 45 50
14 45 50
14 45 50
14 45 50
14 45 50
14 45 50
14 45 50
14 45 50
14 45 50
14 45 50
14 45 50
14 45 50
14 45 50
14 45 50
14 45 50
14 45 50
14 45 50
14 45 50
14 45 50
14 45 50
14 45 50
14 45 50
14 45 50
14 45 50
14 45 50
14 45 50
14 45 50
14 45 50
14 45 50
14 45 50
14 45 50
14 45 50
14 45 50
14 45 50
14 45 50
14 45 50
14 45 50
14 45 50
14 45 50
14 45 50
14 45 50
14 45 50
14 45 50
14 45 50
14 45 50
14 45 50
14 45 50
14 45 50
14 45 50
14 45 50
14 45 50
13 45 50
13 45 50
13 45 50
13 45 50
13 45 50
13 45 50
13 45 50
13 45 50
13 45 50
13 45 50
13 45 50
13 45 50
13 45 50
13 45 50
13 45 50
13 45 50
13 45 50
13 45 50
13 45 50
13 45 50
13 45 50
13 45 50
13 45 50
13 45 50
13 45 50
13 45 50
13 45 50
13 45 50
13 45 50
13 45 50
13 45 50
13 45 50
13 45 50
13 45 50
13 45 50
13 45 50
13 45 50
13 45 50
13 45 50
13 45 50
13 45 50
13 45 50
13 45 50
13 45 50
13 45 50
13 45 50
13 45 50
13 45 50
13 45 50
13 45 50
13 45 50
13 45 50
13 45 50
13 45 50
13 45 50
13 45 50
13 45 50
13 45 50
13 45 50
13 45 50
13 45 50
13 45 50
13 45 50
13 45 50
13 45 50
13 45 50
13 45 50
13 45 50
13 45 50
13 45 50
13 45 50
13 45 50
13 45 50
13 45 50
13 45 50
13 45 50
13 45 50
13 45 50
13 45 50
13 45 50
13 45 50
13 45 50
13 45 50
13 45 50
13 45 50
13 45 50
13 45 50
13 45 50
13 45 50
13 45 50
12 45 50
12 45 50
12 45 50
12 45 50
12 45 50
12 45 50
12 45 50
12 45 50
12 45 50
12 45 50
12 45 50
12 45 50
12 45 50
12 45 50
12 45 50
12 45 50
12 45 50
12 45 50
12 45 50
12 45 50
12 45 50
12 45 50
12 45 50
12 45 50
12 45 50
12 45 50
12 45 50
12 45 50
12 45 50
12 45 50
12 45 50
12 45 50
12 45 50
12 45 50
12 45 50
12 45 50
12 45 50
12 45 50
12 45 50
12 45 50
12 45 50
12 45 50
12 45 50
12 45 50
12 45 50
12 45 50
12 45 50
12 45 50
12 45 50
12 45 50
12 45 50
12 45 50
12 45 50
12 45 50
12 45 50
12 45 50
12 45 50
12 45 50
12 45 50
12 45 50
12 45 50
12 45 50
12 45 50
12 45 50
12 45 50
12 45 50
12 45 50
12 45 50
12 45 50
12 45 50
12 45 50
12 45 50
12 45 50
12 45 50
12 45 50
12 45 50
12 45 50
12 45 50
12 45 50
12 45 50
12 45 50
12 45 50
12 45 50
12 45 50
12 45 50
12 45 50
12 45 50
12 45 50
12 45 50
11 45 50
11 45 50
11 45 50
11 45 50
11 45 50
11 45 50
11 45 50
11 45 50
11 45 50
11 45 50
11 45 50
11 45 50
11 45 50
11 45 50
11 45 50
11 45 50
11 45 50
11 45 50
11 45 50
11 45 50
11 45 50
11 45 50
11 45 50
11 45 50
11 45 50
11 45 50
11 45 50
11 45 50
11 45 50
11 45 50
11 45 50
11 45 50
11 45 50
11 45 50
11 45 50
11 45 50
11 45 50
11 45 50
11 45 50
11 45 50
11 45 50
11 45 50
11 45 50
11 45 50
11 45 50
11 45 50
11 45 50
11 45 50
11 45 50
11 45 50
11 45 50
11 45 50
11 45 50
11 45 50
11 45 50
11 45 50
11 45 50
11 45 50
11 45 50
11 45 50
11 45 50
11 45 50
11 45 50
11 45 50
11 45 50
11 45 50
11 45 50
11 45 50
11 45 50
11 45 50
11 45 50
11 45 50
11 45 50
11 45 50
11 45 50
11 45 50
11 45 50
11 45 50
11 45 50
11 45 50
11 45 50
11 45 50
11 45 50
11 45 50
11 45 50
11 45 50
11 45 50
10 45 50
10 45 50
10 45 50
10 45 50
10 45 50
10 45 50
10 45 50
10 45 50
10 45 50
10 45 50
10 45 50
10 45 50
10 45 50
10 45 50
10 45 50
10 45 50
10 45 50
10 45 50
10 45 50
10 45 50
10 45 50
10 45 50
10 45 50
10 45 50
10 45 50
10 45 50
10 45 50
10 45 50
10 45 50
10 45 50
10 45 50
10 45 50
10 45 50
10 45 50
10 45 50
10 45 50
10 45 50
10 45 50
10 45 50
10 45 50
10 45 50
10 45 50
10 45 50
10 45 50
10 45 50
10 45 50
10 45 50
10 45 50
10 45 50
10 45 50
10 45 50
10 45 50
10 45 50
10 45 50
10 45 50
10 45 50
10 45 50
10 45 50
10 45 50
10 45 50
10 45 50
10 45 50
10 45 50
10 45 50
10 45 50
10 45 50
10 45 50
10 45 50
10 45 50
10 45 50
10 45 50
10 45 50
10 45 50
10 45 50
10 45 50
10 45 50
10 45 50
10 45 50
10 45 50
10 45 50
10 45 50
10 45 50
10 45 50
10 45 50
9 45 50
9 45 50
9 45 50
9 45 50
9 45 50
9 45 50
9 45 50
9 45 50
9 45 50
9 45 50
9 45 50
9 45 50
9 45 50
9 45 50
9 45 50
9 45 50
9 45 50
9 45 50
9 45 50
9 45 50
9 45 50
9 45 50
9 45 50
9 45 50
9 45 50
9 45 50
9 45 50
9 45 50
9 45 50
9 45 50
9 45 50
9 45 50
9 45 50
9 45 50
9 45 50
9 45 50
9 45 50
9 45 50
9 45 50
9 45 50
9 45 50
9 45 50
9 45 50
9 45 50
9 45 50
9 45 50
9 45 50
9 45 50
9 45 50
9 45 50
9 45 50
9 45 50
9 45 50
9 45 50
9 45 50
9 45 50
9 45 50
9 45 50
9 45 50
9 45 50
9 45 50
9 45 50
9 45 50
9 45 50
9 45 50
9 45 50
9 45 50
9 45 50
9 45 50
9 45 50
9 45 50
9 45 50
9 45 50
9 45 50
9 45 50
9 45 50
9 45 50
9 45 50
9 45 50
9 45 50
9 45 50
9 45 50
8 45 50
8 45 50
8 45 50
8 45 50
8 45 50
8 45 50
8 45 50
8 45 50
8 45 50
8 45 50
8 45 50
8 45 50
8 45 50
8 45 50
8 45 50
8 45 50
8 45 50
8 45 50
8 45 50
8 45 50
8 45 50
8 45 50
8 45 50
8 45 50
8 45 50
8 45 50
8 45 50
8 45 50
8 45 50
8 45 50
8 45 50
8 45 50
8 45 50
8 45 50
8 45 50
8 45 50
8 45 50
8 45 50
8 45 50
8 45 50
8 45 50
8 45 50
8 45 50
8 45 50
8 45 50
8 45 50
8 45 50
8 45 50
8 45 50
8 45 50
8 45 50
8 45 50
8 45 50
8 45 50
8 45 50
8 45 50
8 45 50
8 45 50
8 45 50
8 45 50
8 45 50
8 45 50
8 45 50
8 45 50
8 45 50
8 45 50
8 45 50
8 45 50
8 45 50
8 45 50
8 45 50
8 45 50
8 45 50
8 45 50
8 45 50
8 45 50
8 45 50
8 45 50
8 45 50
7 45 50
7 45 50
7 45 50
7 45 50
7 45 50
7 45 50
7 45 50
7 45 50
7 45 50
7 45 50
7 45 50
7 45 50
7 45 50
7 45 50
7 45 50
7 45 50
7 45 50
7 45 50
7 45 50
7 45 50
7 45 50
7 45 50
7 45 50
7 45 50
7 45 50
7 45 50
7 45 50
7 45 50
7 45 50
7 45 50
7 45 50
7 45 50
7 45 50
7 45 50
7 45 50
7 45 50
7 45 50
7 45 50
7 45 50
7 45 50
7 45 50
7 45 50
7 45 50
7 45 50
7 45 50
7 45 50
7 45 50
7 45 50
7 45 50
7 45 50
7 45 50
7 45 50
7 45 50
7 45 50
7 45 50
7 45 50
7 45 50
7 45 50
7 45 50
7 45 50
7 45 50
7 45 50
7 45 50
7 45 50
7 45 50
7 45 50
7 45 50
7 45 50
7 45 50
7 45 50
7 45 50
7 45 50
7 45 50
7 45 50
7 45 50
7 45 50
7 45 50
6 45 50
6 45 50
6 45 50
6 45 50
6 45 50
6 45 50
6 45 50
6 45 50
6 45 50
6 45 50
6 45 50
6 45 50
6 45 50
6 45 50
6 45 50
6 45 50
6 45 50
6 45 50
6 45 50
6 45 50
6 45 50
6 45 50
6 45 50
6 45 50
6 45 50
6 45 50
6 45 50
6 45 50
6 45 50
6 45 50
6 45 50
6 45 50
6 45 50
6 45 50
6 45 50
6 45 50
6 45 50
6 45 50
6 45 50
6 45 50
6 45 50
6 45 50
6 45 50
6 45 50
6 45 50
6 45 50
6 45 50
6 45 50
6 45 50
6 45 50
6 45 50
6 45 50
6 45 50
6 45 50
6 45 50
6 45 50
6 45 50
6 45 50
6 45 50
6 45 50
6 45 50
6 45 50
6 45 50
6 45 50
6 45 50
6 45 50
6 45 50
6 45 50
6 45 50
6 45 50
6 45 50
6 45 50
6 45 50
6 45 50
5 45 50
5 45 50
5 45 50
5 45 50
5 45 50
5 45 50
5 45 50
5 45 50
5 45 50
5 45 50
5 45 50
5 45 50
5 45 50
5 45 50
5 45 50
5 45 50
5 45 50
5 45 50
5 45 50
5 45 50
5 45 50
5 45 50
5 45 50
5 45 50
5 45 50
5 45 50
5 45 50
5 45 50
5 45 50
5 45 50
5 45 50
5 45 50
5 45 50
5 45 50
5 45 50
5 45 50
5 45 50
5 45 50
5 45 50
5 45 50
5 45 50
5 45 50
5 45 50
5 45 50
5 45 50
5 45 50
5 45 50
5 45 50
5 45 50
5 45 50
5 45 50
5 45 50
5 45 50
5 45 50
5 45 50
5 45 50
5 45 50
5 45 50
5 45 50
5 45 50
5 45 50
5 45 50
5 45 50
5 45 50
5 45 50
5 45 50
5 45 50
5 45 50
5 45 50
5 45 50
5 45 50
5 45 50
4 45 50
4 45 50
4 45 50
4 45 50
4 45 50
4 45 50
4 45 50
4 45 50
4 45 50
4 45 50
4 45 50
4 45 50
4 45 50
4 45 50
4 45 50
4 45 50
4 45 50
4 45 50
4 45 50
4 45 50
4 45 50
4 45 50
4 45 50
4 45 50
4 45 50
4 45 50
4 45 50
4 45 50
4 45 50
4 45 50
4 45 50
4 45 50
4 45 50
4 45 50
4 45 50
4 45 50
4 45 50
4 45 50
4 45 50
4 45 50
4 45 50
4 45 50
4 45 50
4 45 50
4 45 50
4 45 50
4 45 50
4 45 50
4 45 50
4 45 50
4 45 50
4 45 50
4 45 50
4 45 50
4 45 50
4 45 50
4 45 50
4 45 50
4 45 50
4 45 50
4 45 50
4 45 50
4 45 50
4 45 50
4 45 50
4 45 50
4 45 50
4 45 50
4 45 50
4 45 50
3 45 50
3 45 50
3 45 50
3 45 50
3 45 50
3 45 50
3 45 50
3 45 50
3 45 50
3 45 50
3 45 50
3 45 50
3 45 50
3 45 50
3 45 50
3 45 50
3 45 50
3 45 50
3 45 50
3 45 50
3 45 50
3 45 50
3 45 50
3 45 50
3 45 50
3 45 50
3 45 50
3 45 50
3 45 50
3 45 50
3 45 50
3 45 50
3 45 50
3 45 50
3 45 50
3 45 50
3 45 50
3 45 50
3 45 50
3 45 50
3 45 50
3 45 50
3 45 50
3 45 50
3 45 50
3 45 50
3 45 50
3 45 50
3 45 50
3 45 50
3 45 50
3 45 50
3 45 50
3 45 50
3 45 50
3 45 50
3 45 50
3 45 50
3 45 50
3 45 50
3 45 50
3 45 50
3 45 50
3 45 50
3 45 50
3 45 50
3 45 50
3 45 50
2 45 50
2 45 50
2 45 50
2 45 50
2 45 50
2 45 50
2 45 50
2 45 50
2 45 50
2 45 50
2 45 50
2 45 50
2 45 50
2 45 50
2 45 50
2 45 50
2 45 50
2 45 50
2 45 50
2 45 50
2 45 50
2 45 50
2 45 50
2 45 50
2 45 50
2 45 50
2 45 50
2 45 50
2 45 50
2 45 50
2 45 50
2 45 50
2 45 50
2 45 50
2 45 50
2 45 50
2 45 50
2 45 50
2 45 50
2 45 50
2 45 50
2 45 50
2 45 50
2 45 50
2 45 50
2 45 50
2 45 50
2 45 50
2 45 50
2 45 50
2 45 50
2 45 50
2 45 50
2 45 50
2 45 50
2 45 50
2 45 50
2 45 50
2 45 50
2 45 50
2 45 50
2 45 50
2 45 50
2 45 50
2 45 50
2 45 50
2 45 50
95 18 50
94 18 50
93 18 50
92 18 50
91 18 50
90 18 50
89 18 50
88 18 50
87 18 50
86 18 50
85 18 50
84 18 50
83 18 50
83 18 50
82 18 50
82 18 50
81 18 50
81 18 50
81 18 50
80 18 50
80 18 50
80 18 50
79 18 50
79 18 50
79 18 50
79 18 50
78 18 50
78 18 50
78 18 50
78 18 50
77 18 50
77 18 50
77 18 50
77 18 50
77 18 50
76 18 50
76 18 50
76 18 50
76 18 50
76 18 50
76 18 50
75 18 50
75 18 50
75 18 50
75 18 50
75 18 50
75 18 50
74 18 50
74 18 50
74 18 50
74 18 50
74 18 50
74 18 50
74 18 50
73 18 50
73 18 50
73 18 50
73 18 50
73 18 50
73 18 50
73 18 50
72 18 50
72 18 50
72 18 50
72 18 50
72 18 50
72 18 50
72 18 50
72 18 50
71 18 50
71 18 50
71 18 50
71 18 50
71 18 50
71 18 50
71 18 50
71 18 50
70 18 50
70 18 50
70 18 50
70 18 50
70 18 50
70 18 50
70 18 50
70 18 50
69 18 50
69 18 50
69 18 50
69 18 50
69 18 50
69 18 50
69 18 50
69 18 50
69 18 50
68 18 50
68 18 50
68 18 50
68 18 50
68 18 50
68 18 50
68 18 50
68 18 50
68 18 50
67 18 50
67 18 50
67 18 50
67 18 50
67 18 50
67 18 50
67 18 50
67 18 50
67 18 50
67 18 50
66 18 50
66 18 50
66 18 50
66 18 50
66 18 50
66 18 50
66 18 50
66 18 50
66 18 50
66 18 50
65 18 50
65 18 50
65 18 50
65 18 50
65 18 50
65 18 50
65 18 50
65 18 50
65 18 50
65 18 50
65 18 50
64 18 50
64 18 50
64 18 50
64 18 50
64 18 50
64 18 50
64 18 50
64 18 50
64 18 50
64 18 50
64 18 50
63 18 50
63 18 50
63 18 50
63 18 50
63 18 50
63 18 50
63 18 50
63 18 50
63 18 50
63 18 50
63 18 50
62 18 50
62 18 50
62 18 50
62 18 50
62 18 50
62 18 50
62 18 50
62 18 50
62 18 50
62 18 50
62 18 50
62 18 50
61 18 50
61 18 50
61 18 50
61 18 50
61 18 50
61 18 50
61 18 50
61 18 50
61 18 50
61 18 50
61 18 50
61 18 50
60 18 50
60 18 50
60 18 50
60 18 50
60 18 50
60 18 50
60 18 50
60 18 50
60 18 50
60 18 50
60 18 50
60 18 50
60 18 50
59 18 50
59 18 50
59 18 50
59 18 50
59 18 50
59 18 50
59 18 50
59 18 50
59 18 50
59 18 50
59 18 50
59 18 50
59 18 50
58 18 50
58 18 50
58 18 50
58 18 50
58 18 50
58 18 50
58 18 50
58 18 50
58 18 50
58 18 50
58 18 50
58 18 50
58 18 50
58 18 50
57 18 50
57 18 50
57 18 50
57 18 50
57 18 50
57 18 50
57 18 50
57 18 50
57 18 50
57 18 50
57 18 50
57 18 50
57 18 50
57 18 50
56 18 50
56 18 50
56 18 50
56 18 50
56 18 50
56 18 50
56 18 50
56 18 50
56 18 50
56 18 50
56 18 50
56 18 50
56 18 50
56 18 50
56 18 50
55 18 50
55 18 50
55 18 50
55 18 50
55 18 50
55 18 50
55 18 50
55 18 50
55 18 50
55 18 50
55 18 50
55 18 50
55 18 50
55 18 50
55 18 50
55 18 50
54 18 50
54 18 50
54 18 50
54 18 50
54 18 50
54 18 50
54 18 50
54 18 50
54 18 50
54 18 50
54 18 50
54 18 50
54 18 50
54 18 50
54 18 50
54 18 50
54 18 50
53 18 50
53 18 50
53 18 50
53 18 50
53 18 50
53 18 50
53 18 50
53 18 50
53 18 50
53 18 50
53 18 50
53 18 50
53 18 50
53 18 50
53 18 50
53 18 50
53 18 50
53 18 50
52 18 50
52 18 50
52 18 50
52 18 50
52 18 50
52 18 50
52 18 50
52 18 50
52 18 50
52 18 50
52 18 50
52 18 50
52 18 50
52 18 50
52 18 50
52 18 50
52 18 50
52 18 50
52 18 50
51 18 50
51 18 50
51 18 50
51 18 50
51 18 50
51 18 50
51 18 50
51 18 50
51 18 50
51 18 50
51 18 50
51 18 50
51 18 50
51 18 50
51 18 50
51 18 50
51 18 50
51 18 50
51 18 50
51 18 50
50 18 50
50 18 50
50 18 50
50 18 50
50 18 50
50 18 50
50 18 50
50 18 50
50 18 50
50 18 50
50 18 50
50 18 50
50 18 50
50 18 50
50 18 50
50 18 50
50 18 50
50 18 50
50 18 50
50 18 50
50 18 50
50 18 50
49 18 50
49 18 50
49 18 50
49 18 50
49 18 50
49 18 50
49 18 50
49 18 50
49 18 50
49 18 50
49 18 50
49 18 50
49 18 50
49 18 50
49 18 50
49 18 50
49 18 50
49 18 50
49 18 50
49 18 50
49 18 50
49 18 50
49 18 50
49 18 50
49 19 50
49 19 50
49 19 50
49 19 50
49 19 50
49 19 50
49 19 50
49 19 50
49 19 50
49 19 50
49 19 50
49 19 50
49 19 50
49 19 50
49 19 50
49 19 50
49 19 50
49 19 50
49 19 50
49 20 50
49 20 50
49 20 50
49 20 50
49 20 50
49 20 50
49 20 50
49 20 50
49 20 50
49 20 50
49 20 50
49 20 50
49 20 50
49 20 50
49 20 50
49 20 50
49 21 50
49 21 50
49 21 50
49 21 50
49 21 50
49 21 50
49 21 50
49 21 50
49 21 50
49 21 50
49 21 50
49 21 50
49 21 50
49 22 50
49 22 50
49 22 50
49 22 50
49 22 50
49 22 50
49 22 50
49 22 50
49 22 50
49 22 50
49 22 50
49 23 50
49 23 50
49 23 50
49 23 50
49 23 50
49 23 50
49 23 50
49 23 50
49 23 50
49 23 50
49 24 50
49 24 50
49 24 50
49 24 50
49 24 50
49 24 50
49 24 50
49 24 50
49 24 50
49 25 50
49 25 50
49 25 50
49 25 50
49 25 50
49 25 50
49 25 50
49 25 50
49 26 50
49 26 50
49 26 50
49 26 50
49 26 50
49 26 50
49 26 50
49 27 50
49 27 50
49 27 50
49 27 50
49 27 50
49 27 50
49 27 50
49 28 50
49 28 50
49 28 50
49 28 50
49 28 50
49 28 50
49 28 50
49 29 50
49 29 50
49 29 50
49 29 50
49 29 50
49 29 50
49 29 50
49 30 50
49 30 50
49 30 50
49 30 50
49 30 50
49 30 50
49 31 50
49 31 50
49 31 50
49 31 50
49 31 50
49 31 50
49 32 50
49 32 50
49 32 50
49 32 50
49 32 50
49 32 50
49 33 50
49 33 50
49 33 50
49 33 50
49 33 50
49 34 50
49 34 50
49 34 50
49 34 50
49 34 50
49 35 50
49 35 50
49 35 50
49 35 50
49 36 50
49 36 50
49 36 50
49 36 50
49 37 50
49 37 50
49 37 50
49 38 50
49 38 50
49 38 50
49 39 50
49 39 50
49 39 50
49 40 50
49 40 50
49 40 50
49 41 50
49 41 50
49 41 50
49 42 50
49 42 50
49 42 50
49 43 50
49 43 50
49 43 50
49 43 50
49 44 50
49 44 50
49 44 50
49 44 50
29 107 50
28 107 50
27 107 50
26 107 50
25 107 50
24 107 50
23 107 50
22 107 50
21 107 50
20 107 50
19 107 50
19 107 50
18 107 50
18 107 50
17 107 50
17 107 50
17 107 50
17 106 50
17 106 50
17 106 50
17 105 50
17 105 50
17 104 50
17 104 50
17 103 50
17 103 50
17 102 50
17 102 50
17 101 50
17 101 50
17 100 50
17 100 50
17 99 50
17 99 50
17 98 50
17 98 50
17 97 50
17 97 50
17 96 50
17 95 50
17 94 50
17 93 50
17 92 50
17 91 50
17 90 50
17 89 50
17 88 50
17 87 50
17 86 50
17 85 50
17 84 50
17 83 50
17 82 50
17 81 50
17 80 50
17 79 50
17 78 50
17 77 50
17 76 50
17 75 50
17 74 50
17 73 50
98 78 50
97 78 50
96 78 50
95 78 50
95 77 50
95 76 50
95 75 50
95 74 50
95 73 50
95 72 50
95 71 50
95 70 50
95 69 50
95 68 50
95 67 50
95 66 50
95 65 50
95 64 50
95 63 50
95 62 50
95 61 50
95 60 50
95 59 50
95 58 50
95 57 50
95 56 50
95 55 50
95 54 50
95 53 50
95 52 50
95 52 50
95 51 50
95 51 50
95 50 50
95 50 50
95 49 50
95 49 50
95 49 50
95 48 50
95 48 50
95 48 50
95 47 50
95 47 50
95 47 50
95 47 50
95 46 50
95 46 50
95 46 50
95 46 50
95 45 50
95 45 50
95 45 50
95 45 50
95 44 50
95 44 50
95 44 50
95 44 50
95 43 50
95 43 50
95 43 50
95 42 50
95 42 50
95 42 50
95 41 50
95 41 50
95 41 50
95 40 50
95 40 50
95 40 50
95 39 50
95 39 50
95 38 50
95 38 50
95 37 50
95 37 50
95 36 50
95 36 50
95 35 50
95 34 50
95 33 50
95 32 50
95 31 50
95 30 50
95 29 50
95 28 50
95 27 50
95 26 50
95 25 50
95 24 50
95 23 50
95 22 50
95 21 50
95 20 50
95 19 50
9 187 50
10 187 50
11 187 50
12 187 50
13 187 50
14 187 50
15 187 50
16 187 50
17 187 50
17 186 50
17 185 50
17 184 50
17 183 50
17 182 50
17 181 50
17 180 50
17 179 50
17 178 50
17 177 50
17 176 50
17 175 50
17 174 50
17 173 50
17 172 50
17 171 50
17 170 50
17 169 50
17 169 50
17 168 50
17 168 50
17 167 50
17 167 50
17 166 50
17 166 50
17 166 50
17 165 50
17 165 50
17 165 50
17 165 50
17 164 50
17 164 50
17 164 50
17 164 50
17 164 50
17 163 50
17 163 50
17 163 50
17 163 50
17 163 50
17 163 50
17 162 50
17 162 50
17 162 50
17 162 50
17 162 50
17 162 50
17 162 50
17 161 50
17 161 50
17 161 50
17 161 50
17 161 50
17 161 50
17 161 50
17 161 50
17 161 50
17 160 50
17 160 50
17 160 50
17 160 50
17 160 50
17 160 50
17 160 50
17 160 50
17 160 50
17 160 50
17 160 50
17 160 50
17 159 50
17 159 50
17 159 50
17 159 50
17 159 50
17 159 50
17 159 50
17 159 50
17 159 50
17 159 50
17 159 50
17 159 50
17 159 50
17 159 50
17 159 50
17 159 50
17 158 50
17 158 50
17 158 50
17 158 50
17 158 50
17 158 50
17 158 50
17 158 50
17 158 50
17 158 50
17 158 50
17 158 50
17 158 50
17 158 50
17 158 50
17 158 50
17 158 50
17 158 50
17 158 50
17 158 50
17 157 50
17 157 50
17 157 50
17 157 50
17 157 50
17 157 50
17 157 50
17 157 50
17 157 50
17 157 50
17 157 50
17 157 50
17 157 50
17 157 50
17 157 50
17 157 50
17 157 50
17 157 50
17 157 50
17 157 50
17 157 50
17 157 50
17 157 50
17 157 50
17 157 50
17 157 50
17 156 50
17 156 50
17 156 50
17 156 50
17 156 50
17 156 50
17 156 50
17 156 50
17 156 50
17 156 50
17 156 50
17 156 50
17 156 50
17 156 50
17 156 50
17 156 50
17 156 50
17 156 50
17 156 50
17 156 50
17 156 50
17 156 50
17 156 50
17 156 50
17 156 50
17 156 50
17 156 50
17 156 50
17 156 50
17 156 50
17 156 50
17 156 50
17 156 50
17 155 50
17 155 50
17 155 50
17 155 50
17 155 50
17 155 50
17 155 50
17 155 50
17 155 50
17 155 50
17 155 50
17 155 50
17 155 50
17 155 50
17 155 50
17 155 50
17 155 50
17 155 50
17 155 50
17 155 50
17 155 50
17 155 50
17 155 50
17 155 50
17 155 50
17 155 50
17 155 50
17 155 50
17 155 50
17 155 50
17 155 50
17 155 50
17 155 50
17 155 50
17 155 50
17 155 50
17 155 50
17 155 50
17 155 50
17 155 50
17 155 50
17 154 50
17 154 50
17 154 50
17 154 50
17 154 50
17 154 50
17 154 50
17 154 50
17 154 50
17 154 50
17 154 50
17 154 50
17 154 50
17 154 50
17 154 50
17 154 50
17 154 50
17 154 50
17 154 50
17 154 50
17 154 50
17 154 50
17 154 50
17 154 50
17 154 50
17 154 50
17 154 50
17 154 50
17 154 50
17 154 50
17 154 50
17 154 50
17 154 50
17 154 50
17 154 50
17 154 50
17 154 50
17 154 50
17 154 50
17 154 50
17 154 50
17 154 50
17 154 50
17 154 50
17 154 50
17 154 50
17 154 50
17 154 50
17 154 50
17 154 50
17 153 50
17 153 50
17 153 50
17 153 50
17 153 50
17 153 50
17 153 50
17 153 50
17 153 50
17 153 50
17 153 50
17 153 50
17 153 50
17 153 50
17 153 50
17 153 50
17 153 50
17 153 50
17 153 50
17 153 50
17 153 50
17 153 50
17 153 50
17 153 50
17 153 50
17 153 50
17 153 50
17 153 50
17 153 50
17 153 50
17 153 50
17 153 50
17 153 50
17 153 50
17 153 50
17 153 50
17 153 50
17 153 50
17 153 50
17 153 50
17 153 50
17 153 50
17 153 50
17 153 50
17 153 50
17 153 50
17 153 50
17 153 50
17 153 50
17 153 50
17 153 50
17 153 50
17 153 50
17 153 50
17 153 50
17 153 50
17 153 50
17 153 50
17 152 50
17 152 50
17 152 50
17 152 50
17 152 50
17 152 50
17 152 50
17 152 50
17 152 50
17 152 50
17 152 50
17 152 50
17 152 50
17 152 50
17 152 50
17 152 50
17 152 50
17 152 50
17 152 50
17 152 50
17 152 50
17 152 50
17 152 50
17 152 50
17 152 50
17 152 50
17 152 50
17 152 50
17 152 50
17 152 50
17 152 50
17 152 50
17 152 50
17 152 50
17 152 50
17 152 50
17 152 50
17 152 50
17 152 50
17 152 50
17 152 50
17 152 50
17 152 50
17 152 50
17 152 50
17 152 50
17 152 50
17 152 50
17 152 50
17 152 50
17 152 50
17 152 50
17 152 50
17 152 50
17 152 50
17 152 50
17 152 50
17 152 50
17 152 50
17 152 50
17 152 50
17 152 50
17 152 50
17 152 50
17 152 50
17 151 50
17 151 50
17 151 50
17 151 50
17 151 50
17 151 50
17 151 50
17 151 50
17 151 50
17 151 50
17 151 50
17 151 50
17 151 50
17 151 50
17 151 50
17 151 50
17 151 50
17 151 50
17 151 50
17 151 50
17 151 50
17 151 50
17 151 50
17 151 50
17 151 50
17 151 50
17 151 50
17 151 50
17 151 50
17 151 50
17 151 50
17 151 50
17 151 50
17 151 50
17 151 50
17 151 50
17 151 50
17 151 50
17 151 50
17 151 50
17 151 50
17 151 50
17 151 50
17 151 50
17 151 50
17 151 50
17 151 50
17 151 50
17 151 50
17 151 50
17 151 50
17 151 50
17 151 50
17 151 50
17 151 50
17 151 50
17 151 50
17 151 50
17 151 50
17 151 50
17 151 50
17 151 50
17 151 50
17 151 50
17 151 50
17 151 50
17 151 50
17 151 50
17 151 50
17 151 50
17 150 50
17 150 50
17 150 50
17 150 50
17 150 50
17 150 50
17 150 50
17 150 50
17 150 50
17 150 50
17 150 50
17 150 50
17 150 50
17 150 50
17 150 50
17 150 50
17 150 50
17 150 50
17 150 50
17 150 50
17 150 50
17 150 50
17 150 50
17 150 50
17 150 50
17 150 50
17 150 50
17 150 50
17 150 50
17 150 50
17 150 50
17 150 50
17 150 50
17 150 50
17 150 50
17 150 50
17 150 50
17 150 50
17 150 50
17 150 50
17 150 50
17 150 50
17 150 50
17 150 50
17 150 50
17 150 50
17 150 50
17 150 50
17 150 50
17 150 50
17 150 50
17 150 50
17 150 50
17 150 50
17 150 50
17 150 50
17 150 50
17 150 50
17 150 50
17 150 50
17 150 50
17 150 50
17 150 50
17 150 50
17 150 50
17 150 50
17 150 50
17 150 50
17 150 50
17 150 50
17 150 50
17 150 50
17 150 50
17 150 50
17 150 50
17 149 50
17 149 50
17 149 50
17 149 50
17 149 50
17 149 50
17 149 50
17 149 50
17 149 50
17 149 50
17 149 50
17 149 50
17 149 50
17 149 50
17 149 50
17 149 50
17 149 50
17 149 50
17 149 50
17 149 50
17 149 50
17 149 50
17 149 50
17 149 50
17 149 50
17 149 50
17 149 50
17 149 50
17 149 50
17 149 50
17 149 50
17 149 50
17 149 50
17 149 50
17 149 50
17 149 50
17 149 50
17 149 50
17 149 50
17 149 50
17 149 50
17 149 50
17 149 50
17 149 50
17 149 50
17 149 50
17 149 50
17 149 50
17 149 50
17 149 50
17 149 50
17 149 50
17 149 50
17 149 50
17 149 50
17 149 50
17 149 50
17 149 50
17 149 50
17 149 50
17 149 50
17 149 50
17 149 50
17 149 50
17 149 50
17 149 50
17 149 50
17 149 50
17 149 50
17 149 50
17 149 50
17 149 50
17 149 50
17 149 50
17 149 50
17 149 50
17 149 50
17 149 50
17 148 50
17 148 50
17 148 50
17 148 50
17 148 50
17 148 50
17 148 50
17 148 50
17 148 50
17 148 50
17 148 50
17 148 50
17 148 50
17 148 50
17 148 50
17 148 50
17 148 50
17 148 50
17 148 50
17 148 50
17 148 50
17 148 50
17 148 50
17 148 50
17 148 50
17 148 50
17 148 50
17 148 50
17 148 50
17 148 50
17 148 50
17 148 50
17 148 50
17 148 50
17 148 50
17 148 50
17 148 50
17 148 50
17 148 50
17 148 50
17 148 50
17 148 50
17 148 50
17 148 50
17 148 50
17 148 50
17 148 50
17 148 50
17 148 50
17 148 50
17 148 50
17 148 50
17 148 50
17 148 50
17 148 50
17 148 50
17 148 50
17 148 50
17 148 50
17 148 50
17 148 50
17 148 50
17 148 50
17 148 50
17 148 50
17 148 50
17 148 50
17 148 50
17 148 50
17 148 50
17 148 50
17 148 50
17 148 50
17 148 50
17 148 50
17 148 50
17 148 50
17 148 50
17 148 50
17 148 50
17 147 50
17 147 50
17 147 50
17 147 50
17 147 50
17 147 50
17 147 50
17 147 50
17 147 50
17 147 50
17 147 50
17 147 50
17 147 50
17 147 50
17 147 50
17 147 50
17 147 50
17 147 50
17 147 50
17 147 50
17 147 50
17 147 50
17 147 50
17 147 50
17 147 50
17 147 50
17 147 50
17 147 50
17 147 50
17 147 50
17 147 50
17 147 50
17 147 50
17 147 50
17 147 50
17 147 50
17 147 50
17 147 50
17 147 50
17 147 50
17 147 50
17 147 50
17 147 50
17 147 50
17 147 50
17 147 50
17 147 50
17 147 50
17 147 50
17 147 50
17 147 50
17 147 50
17 147 50
17 147 50
17 147 50
17 147 50
17 147 50
17 147 50
17 147 50
17 147 50
17 147 50
17 147 50
17 147 50
17 147 50
17 147 50
17 147 50
17 147 50
17 147 50
17 147 50
17 147 50
17 147 50
17 147 50
17 147 50
17 147 50
17 147 50
17 147 50
17 147 50
17 147 50
17 147 50
17 147 50
17 146 50
17 146 50
17 146 50
17 146 50
17 146 50
17 146 50
17 146 50
17 146 50
17 146 50
17 146 50
17 146 50
17 146 50
17 146 50
17 146 50
17 146 50
17 146 50
17 146 50
17 146 50
17 146 50
17 146 50
17 146 50
17 146 50
17 146 50
17 146 50
17 146 50
17 146 50
17 146 50
17 146 50
17 146 50
17 146 50
17 146 50
17 146 50
17 146 50
17 146 50
17 146 50
17 146 50
17 146 50
17 146 50
17 146 50
17 146 50
17 146 50
17 146 50
17 146 50
17 146 50
17 146 50
17 146 50
17 146 50
17 146 50
17 146 50
17 146 50
17 146 50
17 146 50
17 146 50
17 146 50
17 146 50
17 146 50
17 146 50
17 146 50
17 146 50
17 146 50
17 146 50
17 146 50
17 146 50
17 146 50
17 146 50
17 146 50
17 146 50
17 146 50
17 146 50
17 146 50
17 146 50
17 146 50
17 146 50
17 146 50
17 146 50
17 146 50
17 146 50
17 146 50
17 146 50
17 146 50
17 145 50
17 145 50
17 145 50
17 145 50
17 145 50
17 145 50
17 145 50
17 145 50
17 145 50
17 145 50
17 145 50
17 145 50
17 145 50
17 145 50
17 145 50
17 145 50
17 145 50
17 145 50
17 145 50
17 145 50
17 145 50
17 145 50
17 145 50
17 145 50
17 145 50
17 145 50
17 145 50
17 145 50
17 145 50
17 145 50
17 145 50
17 145 50
17 145 50
17 145 50
17 145 50
17 145 50
17 145 50
17 145 50
17 145 50
17 145 50
17 145 50
17 145 50
17 145 50
17 145 50
17 145 50
17 145 50
17 145 50
17 145 50
17 145 50
17 145 50
17 145 50
17 145 50
17 145 50
17 145 50
17 145 50
17 145 50
17 145 50
17 145 50
17 145 50
17 145 50
17 145 50
17 145 50
17 145 50
17 145 50
17 145 50
17 145 50
17 145 50
17 145 50
17 145 50
17 145 50
17 145 50
17 145 50
17 145 50
17 145 50
17 145 50
17 145 50
17 145 50
17 145 50
17 145 50
17 144 50
17 144 50
17 144 50
17 144 50
17 144 50
17 144 50
17 144 50
17 144 50
17 144 50
17 144 50
17 144 50
17 144 50
17 144 50
17 144 50
17 144 50
17 144 50
17 144 50
17 144 50
17 144 50
17 144 50
17 144 50
17 144 50
17 144 50
17 144 50
17 144 50
17 144 50
17 144 50
17 144 50
17 144 50
17 144 50
17 144 50
17 144 50
17 144 50
17 144 50
17 144 50
17 144 50
17 144 50
17 144 50
17 144 50
17 144 50
17 144 50
17 144 50
17 144 50
17 144 50
17 144 50
17 144 50
17 144 50
17 144 50
17 144 50
17 144 50
17 144 50
17 144 50
17 144 50
17 144 50
17 144 50
17 144 50
17 144 50
17 144 50
17 144 50
17 144 50
17 144 50
17 144 50
17 144 50
17 144 50
17 144 50
17 144 50
17 144 50
17 144 50
17 144 50
17 144 50
17 144 50
17 144 50
17 144 50
17 144 50
17 144 50
17 144 50
17 144 50
17 143 50
17 143 50
17 143 50
17 143 50
17 143 50
17 143 50
17 143 50
17 143 50
17 143 50
17 143 50
17 143 50
17 143 50
17 143 50
17 143 50
17 143 50
17 143 50
17 143 50
17 143 50
17 143 50
17 143 50
17 143 50
17 143 50
17 143 50
17 143 50
17 143 50
17 143 50
17 143 50
17 143 50
17 143 50
17 143 50
17 143 50
17 143 50
17 143 50
17 143 50
17 143 50
17 143 50
17 143 50
17 143 50
17 143 50
17 143 50
17 143 50
17 143 50
17 143 50
17 143 50
17 143 50
17 143 50
17 143 50
17 143 50
17 143 50
17 143 50
17 143 50
17 143 50
17 143 50
17 143 50
17 143 50
17 143 50
17 143 50
17 143 50
17 143 50
17 143 50
17 143 50
17 143 50
17 143 50
17 143 50
17 143 50
17 143 50
17 143 50
17 143 50
17 143 50
17 143 50
17 143 50
17 143 50
17 143 50
17 143 50
17 142 50
17 142 50
17 142 50
17 142 50
17 142 50
17 142 50
17 142 50
17 142 50
17 142 50
17 142 50
17 142 50
17 142 50
17 142 50
17 142 50
17 142 50
17 142 50
17 142 50
17 142 50
17 142 50
17 142 50
17 142 50
17 142 50
17 142 50
17 142 50
17 142 50
17 142 50
17 142 50
17 142 50
17 142 50
17 142 50
17 142 50
17 142 50
17 142 50
17 142 50
17 142 50
17 142 50
17 142 50
17 142 50
17 142 50
17 142 50
17 142 50
17 142 50
17 142 50
17 142 50
17 142 50
17 142 50
17 142 50
17 142 50
17 142 50
17 142 50
17 142 50
17 142 50
17 142 50
17 142 50
17 142 50
17 142 50
17 142 50
17 142 50
17 142 50
17 142 50
17 142 50
17 142 50
17 142 50
17 142 50
17 142 50
17 142 50
17 142 50
17 142 50
17 142 50
17 142 50
17 142 50
17 141 50
17 141 50
17 141 50
17 141 50
17 141 50
17 141 50
17 141 50
17 141 50
17 141 50
17 141 50
17 141 50
17 141 50
17 141 50
17 141 50
17 141 50
17 141 50
17 141 50
17 141 50
17 141 50
17 141 50
17 141 50
17 141 50
17 141 50
17 141 50
17 141 50
17 141 50
17 141 50
17 141 50
17 141 50
17 141 50
17 141 50
17 141 50
17 141 50
17 141 50
17 141 50
17 141 50
17 141 50
17 141 50
17 141 50
17 141 50
17 141 50
17 141 50
17 141 50
17 141 50
17 141 50
17 141 50
17 141 50
17 141 50
17 141 50
17 141 50
17 141 50
17 141 50
17 141 50
17 141 50
17 141 50
17 141 50
17 141 50
17 141 50
17 141 50
17 141 50
17 141 50
17 141 50
17 141 50
17 141 50
17 141 50
17 141 50
17 141 50
17 141 50
17 140 50
17 140 50
17 140 50
17 140 50
17 140 50
17 140 50
17 140 50
17 140 50
17 140 50
17 140 50
17 140 50
17 140 50
17 140 50
17 140 50
17 140 50
17 140 50
17 140 50
17 140 50
17 140 50
17 140 50
17 140 50
17 140 50
17 140 50
17 140 50
17 140 50
17 140 50
17 140 50
17 140 50
17 140 50
17 140 50
17 140 50
17 140 50
17 140 50
17 140 50
17 140 50
17 140 50
17 140 50
17 140 50
17 140 50
17 140 50
17 140 50
17 140 50
17 140 50
17 140 50
17 140 50
17 140 50
17 140 50
17 140 50
17 140 50
17 140 50
17 140 50
17 140 50
17 140 50
17 140 50
17 140 50
17 140 50
17 140 50
17 140 50
17 140 50
17 140 50
17 140 50
17 140 50
17 140 50
17 140 50
17 139 50
17 139 50
17 139 50
17 139 50
17 139 50
17 139 50
17 139 50
17 139 50
17 139 50
17 139 50
17 139 50
17 139 50
17 139 50
17 139 50
17 139 50
17 139 50
17 139 50
17 139 50
17 139 50
17 139 50
17 139 50
17 139 50
17 139 50
17 139 50
17 139 50
17 139 50
17 139 50
17 139 50
17 139 50
17 139 50
17 139 50
17 139 50
17 139 50
17 139 50
17 139 50
17 139 50
17 139 50
17 139 50
17 139 50
17 139 50
17 139 50
17 139 50
17 139 50
17 139 50
17 139 50
17 139 50
17 139 50
17 139 50
17 139 50
17 139 50
17 139 50
17 139 50
17 139 50
17 139 50
17 139 50
17 139 50
17 139 50
17 139 50
17 139 50
17 139 50
17 139 50
17 138 50
17 138 50
17 138 50
17 138 50
17 138 50
17 138 50
17 138 50
17 138 50
17 138 50
17 138 50
17 138 50
17 138 50
17 138 50
17 138 50
17 138 50
17 138 50
17 138 50
17 138 50
17 138 50
17 138 50
17 138 50
17 138 50
17 138 50
17 138 50
17 138 50
17 138 50
17 138 50
17 138 50
17 138 50
17 138 50
17 138 50
17 138 50
17 138 50
17 138 50
17 138 50
17 138 50
17 138 50
17 138 50
17 138 50
17 138 50
17 138 50
17 138 50
17 138 50
17 138 50
17 138 50
17 138 50
17 138 50
17 138 50
17 138 50
17 138 50
17 138 50
17 138 50
17 138 50
17 138 50
17 138 50
17 138 50
17 138 50
17 138 50
17 138 50
17 137 50
17 137 50
17 137 50
17 137 50
17 137 50
17 137 50
17 137 50
17 137 50
17 137 50
17 137 50
17 137 50
17 137 50
17 137 50
17 137 50
17 137 50
17 137 50
17 137 50
17 137 50
17 137 50
17 137 50
17 137 50
17 137 50
17 137 50
17 137 50
17 137 50
17 137 50
17 137 50
17 137 50
17 137 50
17 137 50
17 137 50
17 137 50
17 137 50
17 137 50
17 137 50
17 137 50
17 137 50
17 137 50
17 137 50
17 137 50
17 137 50
17 137 50
17 137 50
17 137 50
17 137 50
17 137 50
17 137 50
17 137 50
17 137 50
17 137 50
17 137 50
17 137 50
17 137 50
17 137 50
17 137 50
17 137 50
17 137 50
17 136 50
17 136 50
17 136 50
17 136 50
17 136 50
17 136 50
17 136 50
17 136 50
17 136 50
17 136 50
17 136 50
17 136 50
17 136 50
17 136 50
17 136 50
17 136 50
17 136 50
17 136 50
17 136 50
17 136 50
17 136 50
17 136 50
17 136 50
17 136 50
17 136 50
17 136 50
17 136 50
17 136 50
17 136 50
17 136 50
17 136 50
17 136 50
17 136 50
17 136 50
17 136 50
17 136 50
17 136 50
17 136 50
17 136 50
17 136 50
17 136 50
17 136 50
17 136 50
17 136 50
17 136 50
17 136 50
17 136 50
17 136 50
17 136 50
17 136 50
17 136 50
17 136 50
17 136 50
17 136 50
17 136 50
17 136 50
17 135 50
17 135 50
17 135 50
17 135 50
17 135 50
17 135 50
17 135 50
17 135 50
17 135 50
17 135 50
17 135 50
17 135 50
17 135 50
17 135 50
17 135 50
17 135 50
17 135 50
17 135 50
17 135 50
17 135 50
17 135 50
17 135 50
17 135 50
17 135 50
17 135 50
17 135 50
17 135 50
17 135 50
17 135 50
17 135 50
17 135 50
17 135 50
17 135 50
17 135 50
17 135 50
17 135 50
17 135 50
17 135 50
17 135 50
17 135 50
17 135 50
17 135 50
17 135 50
17 135 50
17 135 50
17 135 50
17 135 50
17 135 50
17 135 50
17 135 50
17 135 50
17 135 50
17 135 50
17 135 50
17 135 50
17 134 50
17 134 50
17 134 50
17 134 50
17 134 50
17 134 50
17 134 50
17 134 50
17 134 50
17 134 50
17 134 50
17 134 50
17 134 50
17 134 50
17 134 50
17 134 50
17 134 50
17 134 50
17 134 50
17 134 50
17 134 50
17 134 50
17 134 50
17 134 50
17 134 50
17 134 50
17 134 50
17 134 50
17 134 50
17 134 50
17 134 50
17 134 50
17 134 50
17 134 50
17 134 50
17 134 50
17 134 50
17 134 50
17 134 50
17 134 50
17 134 50
17 134 50
17 134 50
17 134 50
17 134 50
17 134 50
17 134 50
17 134 50
17 134 50
17 134 50
17 134 50
17 134 50
17 134 50
17 134 50
17 133 50
17 133 50
17 133 50
17 133 50
17 133 50
17 133 50
17 133 50
17 133 50
17 133 50
17 133 50
17 133 50
17 133 50
17 133 50
17 133 50
17 133 50
17 133 50
17 133 50
17 133 50
17 133 50
17 133 50
17 133 50
17 133 50
17 133 50
17 133 50
17 133 50
17 133 50
17 133 50
17 133 50
17 133 50
17 133 50
17 133 50
17 133 50
17 133 50
17 133 50
17 133 50
17 133 50
17 133 50
17 133 50
17 133 50
17 133 50
17 133 50
17 133 50
17 133 50
17 133 50
17 133 50
17 133 50
17 133 50
17 133 50
17 133 50
17 133 50
17 133 50
17 133 50
17 133 50
17 132 50
17 132 50
17 132 50
17 132 50
17 132 50
17 132 50
17 132 50
17 132 50
17 132 50
17 132 50
17 132 50
17 132 50
17 132 50
17 132 50
17 132 50
17 132 50
17 132 50
17 132 50
17 132 50
17 132 50
17 132 50
17 132 50
17 132 50
17 132 50
17 132 50
17 132 50
17 132 50
17 132 50
17 132 50
17 132 50
17 132 50
17 132 50
17 132 50
17 132 50
17 132 50
17 132 50
17 132 50
17 132 50
17 132 50
17 132 50
17 132 50
17 132 50
17 132 50
17 132 50
17 132 50
17 132 50
17 132 50
17 132 50
17 132 50
17 132 50
17 132 50
17 131 50
17 131 50
17 131 50
17 131 50
17 131 50
17 131 50
17 131 50
17 131 50
17 131 50
17 131 50
17 131 50
17 131 50
17 131 50
17 131 50
17 131 50
17 131 50
17 131 50
17 131 50
17 131 50
17 131 50
17 131 50
17 131 50
17 131 50
17 131 50
17 131 50
17 131 50
17 131 50
17 131 50
17 131 50
17 131 50
17 131 50
17 131 50
17 131 50
17 131 50
17 131 50
17 131 50
17 131 50
17 131 50
17 131 50
17 131 50
17 131 50
17 131 50
17 131 50
17 131 50
17 131 50
17 131 50
17 131 50
17 131 50
17 131 50
17 130 50
17 130 50
17 130 50
17 130 50
17 130 50
17 130 50
17 130 50
17 130 50
17 130 50
17 130 50
17 130 50
17 130 50
17 130 50
17 130 50
17 130 50
17 130 50
17 130 50
17 130 50
17 130 50
17 130 50
17 130 50
17 130 50
17 130 50
17 130 50
17 130 50
17 130 50
17 130 50
17 130 50
17 130 50
17 130 50
17 130 50
17 130 50
17 130 50
17 130 50
17 130 50
17 130 50
17 130 50
17 130 50
17 130 50
17 130 50
17 130 50
17 130 50
17 130 50
17 130 50
17 130 50
17 130 50
17 129 50
17 129 50
17 129 50
17 129 50
17 129 50
17 129 50
17 129 50
17 129 50
17 129 50
17 129 50
17 129 50
17 129 50
17 129 50
17 129 50
17 129 50
17 129 50
17 129 50
17 129 50
17 129 50
17 129 50
17 129 50
17 129 50
17 129 50
17 129 50
17 129 50
17 129 50
17 129 50
17 129 50
17 129 50
17 129 50
17 129 50
17 129 50
17 129 50
17 129 50
17 129 50
17 129 50
17 129 50
17 129 50
17 129 50
17 129 50
17 129 50
17 129 50
17 129 50
17 128 50
17 128 50
17 128 50
17 128 50
17 128 50
17 128 50
17 128 50
17 128 50
17 128 50
17 128 50
17 128 50
17 128 50
17 128 50
17 128 50
17 128 50
17 128 50
17 128 50
17 128 50
17 128 50
17 128 50
17 128 50
17 128 50
17 128 50
17 128 50
17 128 50
17 128 50
17 128 50
17 128 50
17 128 50
17 128 50
17 128 50
17 128 50
17 128 50
17 128 50
17 128 50
17 128 50
17 128 50
17 128 50
17 128 50
17 128 50
17 127 50
17 127 50
17 127 50
17 127 50
17 127 50
17 127 50
17 127 50
17 127 50
17 127 50
17 127 50
17 127 50
17 127 50
17 127 50
17 127 50
17 127 50
17 127 50
17 127 50
17 127 50
17 127 50
17 127 50
17 127 50
17 127 50
17 127 50
17 127 50
17 127 50
17 127 50
17 127 50
17 127 50
17 127 50
17 127 50
17 127 50
17 127 50
17 127 50
17 127 50
17 127 50
17 126 50
17 126 50
17 126 50
17 126 50
17 126 50
17 126 50
17 126 50
17 126 50
17 126 50
17 126 50
17 126 50
17 126 50
17 126 50
17 126 50
17 126 50
17 126 50
17 126 50
17 126 50
17 126 50
17 126 50
17 126 50
17 126 50
17 126 50
17 126 50
17 126 50
17 126 50
17 126 50
17 126 50
17 126 50
17 126 50
17 125 50
17 125 50
17 125 50
17 125 50
17 125 50
17 125 50
17 125 50
17 125 50
17 125 50
17 125 50
17 125 50
17 125 50
17 125 50
17 125 50
17 125 50
17 125 50
17 125 50
17 125 50
17 125 50
17 125 50
17 125 50
17 125 50
17 125 50
17 125 50
17 125 50
17 124 50
17 124 50
17 124 50
17 124 50
17 124 50
17 124 50
17 124 50
17 124 50
17 124 50
17 124 50
17 124 50
17 124 50
17 124 50
17 124 50
17 124 50
17 124 50
17 124 50
17 124 50
17 124 50
17 124 50
17 123 50
17 123 50
17 123 50
17 123 50
17 123 50
17 123 50
17 123 50
17 123 50
17 123 50
17 123 50
17 123 50
17 123 50
17 123 50
17 123 50
17 123 50
17 123 50
17 122 50
17 122 50
17 122 50
17 122 50
17 122 50
17 122 50
17 122 50
17 122 50
17 122 50
17 122 50
17 122 50
17 122 50
17 121 50
17 121 50
17 121 50
17 121 50
17 121 50
17 121 50
17 121 50
17 121 50
17 121 50
17 121 50
17 120 50
17 120 50
17 120 50
17 120 50
17 120 50
17 120 50
17 120 50
17 120 50
17 119 50
17 119 50
17 119 50
17 119 50
17 119 50
17 119 50
17 119 50
17 118 50
17 118 50
17 118 50
17 118 50
17 118 50
17 118 50
17 117 50
17 117 50
17 117 50
17 117 50
17 117 50
17 116 50
17 116 50
17 116 50
17 116 50
17 116 50
17 115 50
17 115 50
17 115 50
17 115 50
17 115 50
17 114 50
17 114 50
17 114 50
17 114 50
17 114 50
17 113 50
17 113 50
17 113 50
17 113 50
17 113 50
17 112 50
17 112 50
17 112 50
17 112 50
17 111 50
17 111 50
17 111 50
17 111 50
17 110 50
17 110 50
17 110 50
17 110 50
17 109 50
17 109 50
17 109 50
17 108 50
17 108 50
17 108 50
149 50 50
148 50 50
147 50 50
146 50 50
145 50 50
144 50 50
143 50 50
142 50 50
141 50 50
140 50 50
139 50 50
138 50 50
138 50 50
137 50 50
137 50 50
137 50 50
136 50 50
136 50 50
136 50 50
136 50 50
136 50 50
135 50 50
135 50 50
135 50 50
135 50 50
135 50 50
135 50 50
135 50 50
135 50 50
134 50 50
134 50 50
134 50 50
134 50 50
134 50 50
134 50 50
134 50 50
134 50 50
134 50 50
134 50 50
134 50 50
134 50 50
134 50 50
133 50 50
133 50 50
133 50 50
133 50 50
133 50 50
133 50 50
133 50 50
133 50 50
133 50 50
133 50 50
133 50 50
133 50 50
133 50 50
133 50 50
133 50 50
133 50 50
133 50 50
133 50 50
133 50 50
133 50 50
132 50 50
132 50 50
132 50 50
132 50 50
132 50 50
132 50 50
132 50 50
132 50 50
132 50 50
132 50 50
132 50 50
132 50 50
132 50 50
132 50 50
132 50 50
132 50 50
132 50 50
132 50 50
132 50 50
132 50 50
132 50 50
132 50 50
132 50 50
132 50 50
132 50 50
132 50 50
132 50 50
132 50 50
132 50 50
131 50 50
131 50 50
131 50 50
131 50 50
131 50 50
131 50 50
131 50 50
131 50 50
131 50 50
131 50 50
131 50 50
131 50 50
131 50 50
131 50 50
131 50 50
131 50 50
131 50 50
131 50 50
131 50 50
131 50 50
131 50 50
131 50 50
131 50 50
131 50 50
131 50 50
131 50 50
131 50 50
131 50 50
131 50 50
131 50 50
131 50 50
131 50 50
131 50 50
131 50 50
131 50 50
131 50 50
131 50 50
131 50 50
130 50 50
130 50 50
130 50 50
130 50 50
130 50 50
130 50 50
130 50 50
130 50 50
130 50 50
130 50 50
130 50 50
130 50 50
130 50 50
130 50 50
130 50 50
130 50 50
130 50 50
130 50 50
130 50 50
130 50 50
130 50 50
130 50 50
130 50 50
130 50 50
130 50 50
130 50 50
130 50 50
130 50 50
130 50 50
130 50 50
130 50 50
130 50 50
130 50 50
130 50 50
130 50 50
130 50 50
130 50 50
130 50 50
130 50 50
130 50 50
130 50 50
130 50 50
130 50 50
130 50 50
130 50 50
130 50 50
130 50 50
129 50 50
129 50 50
129 50 50
129 50 50
129 50 50
129 50 50
129 50 50
129 50 50
129 50 50
129 50 50
129 50 50
129 50 50
129 50 50
129 50 50
129 50 50
129 50 50
129 50 50
129 50 50
129 50 50
129 50 50
129 50 50
129 50 50
129 50 50
129 50 50
129 50 50
129 50 50
129 50 50
129 50 50
129 50 50
129 50 50
129 50 50
129 50 50
129 50 50
129 50 50
129 50 50
129 50 50
129 50 50
129 50 50
129 50 50
129 50 50
129 50 50
129 50 50
129 50 50
129 50 50
129 50 50
129 50 50
129 50 50
129 50 50
129 50 50
129 50 50
129 50 50
129 50 50
129 50 50
129 50 50
129 50 50
128 50 50
128 50 50
128 50 50
128 50 50
128 50 50
128 50 50
128 50 50
128 50 50
128 50 50
128 50 50
128 50 50
128 50 50
128 50 50
128 50 50
128 50 50
128 50 50
128 50 50
128 50 50
128 50 50
128 50 50
128 50 50
128 50 50
128 50 50
128 50 50
128 50 50
128 50 50
128 50 50
128 50 50
128 50 50
128 50 50
128 50 50
128 50 50
128 50 50
128 50 50
128 50 50
128 50 50
128 50 50
128 50 50
128 50 50
128 50 50
128 50 50
128 50 50
128 50 50
128 50 50
128 50 50
128 50 50
128 50 50
128 50 50
128 50 50
128 50 50
128 50 50
128 50 50
128 50 50
128 50 50
128 50 50
128 50 50
128 50 50
128 50 50
128 50 50
128 50 50
128 50 50
128 50 50
127 50 50
127 50 50
127 50 50
127 50 50
127 50 50
127 50 50
127 50 50
127 50 50
127 50 50
127 50 50
127 50 50
127 50 50
127 50 50
127 50 50
127 50 50
127 50 50
127 50 50
127 50 50
127 50 50
127 50 50
127 50 50
127 50 50
127 50 50
127 50 50
127 50 50
127 50 50
127 50 50
127 50 50
127 50 50
127 50 50
127 50 50
127 50 50
127 50 50
127 50 50
127 50 50
127 50 50
127 50 50
127 50 50
127 50 50
127 50 50
127 50 50
127 50 50
127 50 50
127 50 50
127 50 50
127 50 50
127 50 50
127 50 50
127 50 50
127 50 50
127 50 50
127 50 50
127 50 50
127 50 50
127 50 50
127 50 50
127 50 50
127 50 50
127 50 50
127 50 50
127 50 50
127 50 50
127 50 50
127 50 50
127 50 50
127 50 50
127 50 50
127 50 50
127 50 50
126 50 50
126 50 50
126 50 50
126 50 50
126 50 50
126 50 50
126 50 50
126 50 50
126 50 50
126 50 50
126 50 50
126 50 50
126 50 50
126 50 50
126 50 50
126 50 50
126 50 50
126 50 50
126 50 50
126 50 50
126 50 50
126 50 50
126 50 50
126 50 50
126 50 50
126 50 50
126 50 50
126 50 50
126 50 50
126 50 50
126 50 50
126 50 50
126 50 50
126 50 50
126 50 50
126 50 50
126 50 50
126 50 50
126 50 50
126 50 50
126 50 50
126 50 50
126 50 50
126 50 50
126 50 50
126 50 50
126 50 50
126 50 50
126 50 50
126 50 50
126 50 50
126 50 50
126 50 50
126 50 50
126 50 50
126 50 50
126 50 50
126 50 50
126 50 50
126 50 50
126 50 50
126 50 50
126 50 50
126 50 50
126 50 50
126 50 50
126 50 50
126 50 50
126 50 50
126 50 50
126 50 50
126 50 50
126 50 50
126 50 50
125 50 50
125 50 50
125 50 50
125 50 50
125 50 50
125 50 50
125 50 50
125 50 50
125 50 50
125 50 50
125 50 50
125 50 50
125 50 50
125 50 50
125 50 50
125 50 50
125 50 50
125 50 50
125 50 50
125 50 50
125 50 50
125 50 50
125 50 50
125 50 50
125 50 50
125 50 50
125 50 50
125 50 50
125 50 50
125 50 50
125 50 50
125 50 50
125 50 50
125 50 50
125 50 50
125 50 50
125 50 50
125 50 50
125 50 50
125 50 50
125 50 50
125 50 50
125 50 50
125 50 50
125 50 50
125 50 50
125 50 50
125 50 50
125 50 50
125 50 50
125 50 50
125 50 50
125 50 50
125 50 50
125 50 50
125 50 50
125 50 50
125 50 50
125 50 50
125 50 50
125 50 50
125 50 50
125 50 50
125 50 50
125 50 50
125 50 50
125 50 50
125 50 50
125 50 50
125 50 50
125 50 50
125 50 50
125 50 50
125 50 50
125 50 50
125 50 50
125 50 50
125 50 50
124 50 50
124 50 50
124 50 50
124 50 50
124 50 50
124 50 50
124 50 50
124 50 50
124 50 50
124 50 50
124 50 50
124 50 50
124 50 50
124 50 50
124 50 50
124 50 50
124 50 50
124 50 50
124 50 50
124 50 50
124 50 50
124 50 50
124 50 50
124 50 50
124 50 50
124 50 50
124 50 50
124 50 50
124 50 50
124 50 50
124 50 50
124 50 50
124 50 50
124 50 50
124 50 50
124 50 50
124 50 50
124 50 50
124 50 50
124 50 50
124 50 50
124 50 50
124 50 50
124 50 50
124 50 50
124 50 50
124 50 50
124 50 50
124 50 50
124 50 50
124 50 50
124 50 50
124 50 50
124 50 50
124 50 50
124 50 50
124 50 50
124 50 50
124 50 50
124 50 50
124 50 50
124 50 50
124 50 50
124 50 50
124 50 50
124 50 50
124 50 50
124 50 50
124 50 50
124 50 50
124 50 50
124 50 50
124 50 50
124 50 50
124 50 50
124 50 50
124 50 50
124 50 50
124 50 50
124 50 50
124 50 50
123 50 50
123 50 50
123 50 50
123 50 50
123 50 50
123 50 50
123 50 50
123 50 50
123 50 50
123 50 50
123 50 50
123 50 50
123 50 50
123 50 50
123 50 50
123 50 50
123 50 50
123 50 50
123 50 50
123 50 50
123 50 50
123 50 50
123 50 50
123 50 50
123 50 50
123 50 50
123 50 50
123 50 50
123 50 50
123 50 50
123 50 50
123 50 50
123 50 50
123 50 50
123 50 50
123 50 50
123 50 50
123 50 50
123 50 50
123 50 50
123 50 50
123 50 50
123 50 50
123 50 50
123 50 50
123 50 50
123 50 50
123 50 50
123 50 50
123 50 50
123 50 50
123 50 50
123 50 50
123 50 50
123 50 50
123 50 50
123 50 50
123 50 50
123 50 50
123 50 50
123 50 50
123 50 50
123 50 50
123 50 50
123 50 50
123 50 50
123 50 50
123 50 50
123 50 50
123 50 50
123 50 50
123 50 50
123 50 50
123 50 50
123 50 50
123 50 50
123 50 50
123 50 50
123 50 50
123 50 50
123 50 50
123 50 50
122 50 50
122 50 50
122 50 50
122 50 50
122 50 50
122 50 50
122 50 50
122 50 50
122 50 50
122 50 50
122 50 50
122 50 50
122 50 50
122 50 50
122 50 50
122 50 50
122 50 50
122 50 50
122 50 50
122 50 50
122 50 50
122 50 50
122 50 50
122 50 50
122 50 50
122 50 50
122 50 50
122 50 50
122 50 50
122 50 50
122 50 50
122 50 50
122 50 50
122 50 50
122 50 50
122 50 50
122 50 50
122 50 50
122 50 50
122 50 50
122 50 50
122 50 50
122 50 50
122 50 50
122 50 50
122 50 50
122 50 50
122 50 50
122 50 50
122 50 50
122 50 50
122 50 50
122 50 50
122 50 50
122 50 50
122 50 50
122 50 50
122 50 50
122 50 50
122 50 50
122 50 50
122 50 50
122 50 50
122 50 50
122 50 50
122 50 50
122 50 50
122 50 50
122 50 50
122 50 50
122 50 50
122 50 50
122 50 50
122 50 50
122 50 50
122 50 50
122 50 50
122 50 50
122 50 50
122 50 50
122 50 50
122 50 50
121 50 50
121 50 50
121 50 50
121 50 50
121 50 50
121 50 50
121 50 50
121 50 50
121 50 50
121 50 50
121 50 50
121 50 50
121 50 50
121 50 50
121 50 50
121 50 50
121 50 50
121 50 50
121 50 50
121 50 50
121 50 50
121 50 50
121 50 50
121 50 50
121 50 50
121 50 50
121 50 50
121 50 50
121 50 50
121 50 50
121 50 50
121 50 50
121 50 50
121 50 50
121 50 50
121 50 50
121 50 50
121 50 50
121 50 50
121 50 50
121 50 50
121 50 50
121 50 50
121 50 50
121 50 50
121 50 50
121 50 50
121 50 50
121 50 50
121 50 50
121 50 50
121 50 50
121 50 50
121 50 50
121 50 50
121 50 50
121 50 50
121 50 50
121 50 50
121 50 50
121 50 50
121 50 50
121 50 50
121 50 50
121 50 50
121 50 50
121 50 50
121 50 50
121 50 50
121 50 50
121 50 50
121 50 50
121 50 50
121 50 50
121 50 50
121 50 50
121 50 50
121 50 50
121 50 50
121 50 50
121 50 50
120 50 50
120 50 50
120 50 50
120 50 50
120 50 50
120 50 50
120 50 50
120 50 50
120 50 50
120 50 50
120 50 50
120 50 50
120 50 50
120 50 50
120 50 50
120 50 50
120 50 50
120 50 50
120 50 50
120 50 50
120 50 50
120 50 50
120 50 50
120 50 50
120 50 50
120 50 50
120 50 50
120 50 50
120 50 50
120 50 50
120 50 50
120 50 50
120 50 50
120 50 50
120 50 50
120 50 50
120 50 50
120 50 50
120 50 50
120 50 50
120 50 50
120 50 50
120 50 50
120 50 50
120 50 50
120 50 50
120 50 50
120 50 50
120 50 50
120 50 50
120 50 50
120 50 50
120 50 50
120 50 50
120 50 50
120 50 50
120 50 50
120 50 50
120 50 50
120 50 50
120 50 50
120 50 50
120 50 50
120 50 50
120 50 50
120 50 50
120 50 50
120 50 50
120 50 50
120 50 50
120 50 50
120 50 50
120 50 50
120 50 50
120 50 50
120 50 50
120 50 50
120 50 50
120 50 50
120 50 50
119 50 50
119 50 50
119 50 50
119 50 50
119 50 50
119 50 50
119 50 50
119 50 50
119 50 50
119 50 50
119 50 50
119 50 50
119 50 50
119 50 50
119 50 50
119 50 50
119 50 50
119 50 50
119 50 50
119 50 50
119 50 50
119 50 50
119 50 50
119 50 50
119 50 50
119 50 50
119 50 50
119 50 50
119 50 50
119 50 50
119 50 50
119 50 50
119 50 50
119 50 50
119 50 50
119 50 50
119 50 50
119 50 50
119 50 50
119 50 50
119 50 50
119 50 50
119 50 50
119 50 50
119 50 50
119 50 50
119 50 50
119 50 50
119 50 50
119 50 50
119 50 50
119 50 50
119 50 50
119 50 50
119 50 50
119 50 50
119 50 50
119 50 50
119 50 50
119 50 50
119 50 50
119 50 50
119 50 50
119 50 50
119 50 50
119 50 50
119 50 50
119 50 50
119 50 50
119 50 50
119 50 50
119 50 50
119 50 50
119 50 50
119 50 50
119 50 50
119 50 50
119 50 50
118 50 50
118 50 50
118 50 50
118 50 50
118 50 50
118 50 50
118 50 50
118 50 50
118 50 50
118 50 50
118 50 50
118 50 50
118 50 50
118 50 50
118 50 50
118 50 50
118 50 50
118 50 50
118 50 50
118 50 50
118 50 50
118 50 50
118 50 50
118 50 50
118 50 50
118 50 50
118 50 50
118 50 50
118 50 50
118 50 50
118 50 50
118 50 50
118 50 50
118 50 50
118 50 50
118 50 50
118 50 50
118 50 50
118 50 50
118 50 50
118 50 50
118 50 50
118 50 50
118 50 50
118 50 50
118 50 50
118 50 50
118 50 50
118 50 50
118 50 50
118 50 50
118 50 50
118 50 50
118 50 50
118 50 50
118 50 50
118 50 50
118 50 50
118 50 50
118 50 50
118 50 50
118 50 50
118 50 50
118 50 50
118 50 50
118 50 50
118 50 50
118 50 50
118 50 50
118 50 50
118 50 50
118 50 50
118 50 50
118 50 50
118 50 50
117 50 50
117 50 50
117 50 50
117 50 50
117 50 50
117 50 50
117 50 50
117 50 50
117 50 50
117 50 50
117 50 50
117 50 50
117 50 50
117 50 50
117 50 50
117 50 50
117 50 50
117 50 50
117 50 50
117 50 50
117 50 50
117 50 50
117 50 50
117 50 50
117 50 50
117 50 50
117 50 50
117 50 50
117 50 50
117 50 50
117 50 50
117 50 50
117 50 50
117 50 50
117 50 50
117 50 50
117 50 50
117 50 50
117 50 50
117 50 50
117 50 50
117 50 50
117 50 50
117 50 50
117 50 50
117 50 50
117 50 50
117 50 50
117 50 50
117 50 50
117 50 50
117 50 50
117 50 50
117 50 50
117 50 50
117 50 50
117 50 50
117 50 50
117 50 50
117 50 50
117 50 50
117 50 50
117 50 50
117 50 50
117 50 50
117 50 50
117 50 50
117 50 50
117 50 50
117 50 50
117 50 50
117 50 50
117 50 50
116 50 50
116 50 50
116 50 50
116 50 50
116 50 50
116 50 50
116 50 50
116 50 50
116 50 50
116 50 50
116 50 50
116 50 50
116 50 50
116 50 50
116 50 50
116 50 50
116 50 50
116 50 50
116 50 50
116 50 50
116 50 50
116 50 50
116 50 50
116 50 50
116 50 50
116 50 50
116 50 50
116 50 50
116 50 50
116 50 50
116 50 50
116 50 50
116 50 50
116 50 50
116 50 50
116 50 50
116 50 50
116 50 50
116 50 50
116 50 50
116 50 50
116 50 50
116 50 50
116 50 50
116 50 50
116 50 50
116 50 50
116 50 50
116 50 50
116 50 50
116 50 50
116 50 50
116 50 50
116 50 50
116 50 50
116 50 50
116 50 50
116 50 50
116 50 50
116 50 50
116 50 50
116 50 50
116 50 50
116 50 50
116 50 50
116 50 50
116 50 50
116 50 50
116 50 50
116 50 50
115 50 50
115 50 50
115 50 50
115 50 50
115 50 50
115 50 50
115 50 50
115 50 50
115 50 50
115 50 50
115 50 50
115 50 50
115 50 50
115 50 50
115 50 50
115 50 50
115 50 50
115 50 50
115 50 50
115 50 50
115 50 50
115 50 50
115 50 50
115 50 50
115 50 50
115 50 50
115 50 50
115 50 50
115 50 50
115 50 50
115 50 50
115 50 50
115 50 50
115 50 50
115 50 50
115 50 50
115 50 50
115 50 50
115 50 50
115 50 50
115 50 50
115 50 50
115 50 50
115 50 50
115 50 50
115 50 50
115 50 50
115 50 50
115 50 50
115 50 50
115 50 50
115 50 50
115 50 50
115 50 50
115 50 50
115 50 50
115 50 50
115 50 50
115 50 50
115 50 50
115 50 50
115 50 50
115 50 50
115 50 50
115 50 50
115 50 50
115 50 50
115 50 50
114 50 50
114 50 50
114 50 50
114 50 50
114 50 50
114 50 50
114 50 50
114 50 50
114 50 50
114 50 50
114 50 50
114 50 50
114 50 50
114 50 50
114 50 50
114 50 50
114 50 50
114 50 50
114 50 50
114 50 50
114 50 50
114 50 50
114 50 50
114 50 50
114 50 50
114 50 50
114 50 50
114 50 50
114 50 50
114 50 50
114 50 50
114 50 50
114 50 50
114 50 50
114 50 50
114 50 50
114 50 50
114 50 50
114 50 50
114 50 50
114 50 50
114 50 50
114 50 50
114 50 50
114 50 50
114 50 50
114 50 50
114 50 50
114 50 50
114 50 50
114 50 50
114 50 50
114 50 50
114 50 50
114 50 50
114 50 50
114 50 50
114 50 50
114 50 50
114 50 50
114 50 50
114 50 50
114 50 50
114 50 50
114 50 50
114 50 50
113 50 50
113 50 50
113 50 50
113 50 50
113 50 50
113 50 50
113 50 50
113 50 50
113 50 50
113 50 50
113 50 50
113 50 50
113 50 50
113 50 50
113 50 50
113 50 50
113 50 50
113 50 50
113 50 50
113 50 50
113 50 50
113 50 50
113 50 50
113 50 50
113 50 50
113 50 50
113 50 50
113 50 50
113 50 50
113 50 50
113 50 50
113 50 50
113 50 50
113 50 50
113 50 50
113 50 50
113 50 50
113 50 50
113 50 50
113 50 50
113 50 50
113 50 50
113 50 50
113 50 50
113 50 50
113 50 50
113 50 50
113 50 50
113 50 50
113 50 50
113 50 50
113 50 50
113 50 50
113 50 50
113 50 50
113 50 50
113 50 50
113 50 50
113 50 50
113 50 50
113 50 50
113 50 50
113 50 50
113 50 50
112 50 50
112 50 50
112 50 50
112 50 50
112 50 50
112 50 50
112 50 50
112 50 50
112 50 50
112 50 50
112 50 50
112 50 50
112 50 50
112 50 50
112 50 50
112 50 50
112 50 50
112 50 50
112 50 50
112 50 50
112 50 50
112 50 50
112 50 50
112 50 50
112 50 50
112 50 50
112 50 50
112 50 50
112 50 50
112 50 50
112 50 50
112 50 50
112 50 50
112 50 50
112 50 50
112 50 50
112 50 50
112 50 50
112 50 50
112 50 50
112 50 50
112 50 50
112 50 50
112 50 50
112 50 50
112 50 50
112 50 50
112 50 50
112 50 50
112 50 50
112 50 50
112 50 50
112 50 50
112 50 50
112 50 50
112 50 50
112 50 50
112 50 50
112 50 50
112 50 50
112 50 50
111 50 50
111 50 50
111 50 50
111 50 50
111 50 50
111 50 50
111 50 50
111 50 50
111 50 50
111 50 50
111 50 50
111 50 50
111 50 50
111 50 50
111 50 50
111 50 50
111 50 50
111 50 50
111 50 50
111 50 50
111 50 50
111 50 50
111 50 50
111 50 50
111 50 50
111 50 50
111 50 50
111 50 50
111 50 50
111 50 50
111 50 50
111 50 50
111 50 50
111 50 50
111 50 50
111 50 50
111 50 50
111 50 50
111 50 50
111 50 50
111 50 50
111 50 50
111 50 50
111 50 50
111 50 50
111 50 50
111 50 50
111 50 50
111 50 50
111 50 50
111 50 50
111 50 50
111 50 50
111 50 50
111 50 50
111 50 50
111 50 50
111 50 50
111 50 50
110 50 50
110 50 50
110 50 50
110 50 50
110 50 50
110 50 50
110 50 50
110 50 50
110 50 50
110 50 50
110 50 50
110 50 50
110 50 50
110 50 50
110 50 50
110 50 50
110 50 50
110 50 50
110 50 50
110 50 50
110 50 50
110 50 50
110 50 50
110 50 50
110 50 50
110 50 50
110 50 50
110 50 50
110 50 50
110 50 50
110 50 50
110 50 50
110 50 50
110 50 50
110 50 50
110 50 50
110 50 50
110 50 50
110 50 50
110 50 50
110 50 50
110 50 50
110 50 50
110 50 50
110 50 50
110 50 50
110 50 50
110 50 50
110 50 50
110 50 50
110 50 50
110 50 50
110 50 50
110 50 50
110 50 50
109 50 50
109 50 50
109 50 50
109 50 50
109 50 50
109 50 50
109 50 50
109 50 50
109 50 50
109 50 50
109 50 50
109 50 50
109 50 50
109 50 50
109 50 50
109 50 50
109 50 50
109 50 50
109 50 50
109 50 50
109 50 50
109 50 50
109 50 50
109 50 50
109 50 50
109 50 50
109 50 50
109 50 50
109 50 50
109 50 50
109 50 50
109 50 50
109 50 50
109 50 50
109 50 50
109 50 50
109 50 50
109 50 50
109 50 50
109 50 50
109 50 50
109 50 50
109 50 50
109 50 50
109 50 50
109 50 50
109 50 50
109 50 50
109 50 50
109 50 50
109 50 50
109 50 50
108 50 50
108 50 50
108 50 50
108 50 50
108 50 50
108 50 50
108 50 50
108 50 50
108 50 50
108 50 50
108 50 50
108 50 50
108 50 50
108 50 50
108 50 50
108 50 50
108 50 50
108 50 50
108 50 50
108 50 50
108 50 50
108 50 50
108 50 50
108 50 50
108 50 50
108 50 50
108 50 50
108 50 50
108 50 50
108 50 50
108 50 50
108 50 50
108 50 50
108 50 50
108 50 50
108 50 50
108 50 50
108 50 50
108 50 50
108 50 50
108 50 50
108 50 50
108 50 50
108 50 50
108 50 50
108 50 50
108 50 50
107 50 50
107 50 50
107 50 50
107 50 50
107 50 50
107 50 50
107 50 50
107 50 50
107 50 50
107 50 50
107 50 50
107 50 50
107 50 50
107 50 50
107 50 50
107 50 50
107 50 50
107 50 50
107 50 50
107 50 50
107 50 50
107 50 50
107 50 50
107 50 50
107 50 50
107 50 50
107 50 50
107 50 50
107 50 50
107 50 50
107 50 50
107 50 50
107 50 50
107 50 50
107 50 50
107 50 50
107 50 50
107 50 50
107 50 50
107 50 50
107 50 50
106 50 50
106 50 50
106 50 50
106 50 50
106 50 50
106 50 50
106 50 50
106 50 50
106 50 50
106 50 50
106 50 50
106 50 50
106 50 50
106 50 50
106 50 50
106 50 50
106 50 50
106 50 50
106 50 50
106 50 50
106 50 50
106 50 50
106 50 50
106 50 50
106 50 50
106 50 50
106 50 50
106 50 50
106 50 50
106 50 50
106 50 50
106 50 50
106 50 50
106 50 50
106 50 50
105 50 50
105 50 50
105 50 50
105 50 50
105 50 50
105 50 50
105 50 50
105 50 50
105 50 50
105 50 50
105 50 50
105 50 50
105 50 50
105 50 50
105 50 50
105 50 50
105 50 50
105 50 50
105 50 50
105 50 50
105 50 50
105 50 50
105 50 50
105 50 50
105 50 50
105 50 50
105 50 50
105 50 50
105 50 50
104 50 50
104 50 50
104 50 50
104 50 50
104 50 50
104 50 50
104 50 50
104 50 50
104 50 50
104 50 50
104 50 50
104 50 50
104 50 50
104 50 50
104 50 50
104 50 50
104 50 50
104 50 50
104 50 50
104 50 50
104 50 50
104 50 50
104 50 50
103 50 50
103 50 50
103 50 50
103 50 50
103 50 50
103 50 50
103 50 50
103 50 50
103 50 50
103 50 50
103 50 50
103 50 50
103 50 50
103 50 50
103 50 50
103 50 50
103 50 50
102 50 50
102 50 50
102 50 50
102 50 50
102 50 50
102 50 50
102 50 50
102 50 50
102 50 50
102 50 50
102 50 50
102 50 50
102 50 50
101 50 50
101 50 50
101 50 50
101 50 50
101 50 50
101 50 50
101 50 50
101 50 50
101 50 50
100 50 50
100 50 50
100 50 50
100 50 50
100 50 50
100 50 50
100 50 50
99 50 50
99 50 50
99 50 50
99 50 50
99 50 50
98 50 50
98 50 50
98 50 50
98 50 50
97 50 50
97 50 50
97 50 50
96 50 50
96 50 50
96 50 50
134 130 50
134 129 50
134 128 50
134 127 50
134 126 50
134 125 50
134 124 50
134 124 50
134 123 50
134 123 50
134 122 50
134 122 50
134 122 50
134 121 50
134 121 50
134 121 50
134 121 50
134 120 50
134 120 50
134 120 50
134 120 50
134 120 50
134 120 50
134 119 50
134 119 50
134 119 50
134 119 50
134 119 50
134 119 50
134 119 50
134 119 50
134 118 50
134 118 50
134 118 50
134 118 50
134 118 50
134 118 50
134 118 50
134 118 50
134 118 50
134 118 50
134 117 50
134 117 50
134 117 50
134 117 50
134 117 50
134 117 50
134 117 50
134 117 50
134 117 50
134 117 50
134 117 50
134 117 50
134 116 50
134 116 50
134 116 50
134 116 50
134 116 50
134 116 50
134 116 50
134 116 50
134 116 50
134 116 50
134 116 50
134 116 50
134 116 50
134 116 50
134 115 50
134 115 50
134 115 50
134 115 50
134 115 50
134 115 50
134 115 50
134 115 50
134 115 50
134 115 50
134 115 50
134 115 50
134 115 50
134 115 50
134 115 50
134 114 50
134 114 50
134 114 50
134 114 50
134 114 50
134 114 50
134 114 50
134 114 50
134 114 50
134 114 50
134 114 50
134 114 50
134 114 50
134 114 50
134 114 50
134 114 50
134 114 50
134 113 50
134 113 50
134 113 50
134 113 50
134 113 50
134 113 50
134 113 50
134 113 50
134 113 50
134 113 50
134 113 50
134 113 50
134 113 50
134 113 50
134 113 50
134 113 50
134 113 50
134 113 50
134 112 50
134 112 50
134 112 50
134 112 50
134 112 50
134 112 50
134 112 50
134 112 50
134 112 50
134 112 50
134 112 50
134 112 50
134 112 50
134 112 50
134 112 50
134 112 50
134 112 50
134 112 50
134 112 50
134 112 50
134 111 50
134 111 50
134 111 50
134 111 50
134 111 50
134 111 50
134 111 50
134 111 50
134 111 50
134 111 50
134 111 50
134 111 50
134 111 50
134 111 50
134 111 50
134 111 50
134 111 50
134 111 50
134 111 50
134 111 50
134 111 50
134 110 50
134 110 50
134 110 50
134 110 50
134 110 50
134 110 50
134 110 50
134 110 50
134 110 50
134 110 50
134 110 50
134 110 50
134 110 50
134 110 50
134 110 50
134 110 50
134 110 50
134 110 50
134 110 50
134 110 50
134 110 50
134 110 50
134 110 50
134 109 50
134 109 50
134 109 50
134 109 50
134 109 50
134 109 50
134 109 50
134 109 50
134 109 50
134 109 50
134 109 50
134 109 50
134 109 50
134 109 50
134 109 50
134 109 50
134 109 50
134 109 50
134 109 50
134 109 50
134 109 50
134 109 50
134 109 50
134 109 50
134 108 50
134 108 50
134 108 50
134 108 50
134 108 50
134 108 50
134 108 50
134 108 50
134 108 50
134 108 50
134 108 50
134 108 50
134 108 50
134 108 50
134 108 50
134 108 50
134 108 50
134 108 50
134 108 50
134 108 50
134 108 50
134 108 50
134 108 50
134 108 50
134 108 50
134 107 50
134 107 50
134 107 50
134 107 50
134 107 50
134 107 50
134 107 50
134 107 50
134 107 50
134 107 50
134 107 50
134 107 50
134 107 50
134 107 50
134 107 50
134 107 50
134 107 50
134 107 50
134 107 50
134 107 50
134 107 50
134 107 50
134 107 50
134 107 50
134 107 50
134 107 50
134 106 50
134 106 50
134 106 50
134 106 50
134 106 50
134 106 50
134 106 50
134 106 50
134 106 50
134 106 50
134 106 50
134 106 50
134 106 50
134 106 50
134 106 50
134 106 50
134 106 50
134 106 50
134 106 50
134 106 50
134 106 50
134 106 50
134 106 50
134 106 50
134 106 50
134 106 50
134 105 50
134 105 50
134 105 50
134 105 50
134 105 50
134 105 50
134 105 50
134 105 50
134 105 50
134 105 50
134 105 50
134 105 50
134 105 50
134 105 50
134 105 50
134 105 50
134 105 50
134 105 50
134 105 50
134 105 50
134 105 50
134 105 50
134 105 50
134 105 50
134 105 50
134 105 50
134 104 50
134 104 50
134 104 50
134 104 50
134 104 50
134 104 50
134 104 50
134 104 50
134 104 50
134 104 50
134 104 50
134 104 50
134 104 50
134 104 50
134 104 50
134 104 50
134 104 50
134 104 50
134 104 50
134 104 50
134 104 50
134 104 50
134 104 50
134 104 50
134 104 50
134 104 50
134 103 50
134 103 50
134 103 50
134 103 50
134 103 50
134 103 50
134 103 50
134 103 50
134 103 50
134 103 50
134 103 50
134 103 50
134 103 50
134 103 50
134 103 50
134 103 50
134 103 50
134 103 50
134 103 50
134 103 50
134 103 50
134 103 50
134 103 50
134 103 50
134 102 50
134 102 50
134 102 50
134 102 50
134 102 50
134 102 50
134 102 50
134 102 50
134 102 50
134 102 50
134 102 50
134 102 50
134 102 50
134 102 50
134 102 50
134 102 50
134 102 50
134 102 50
134 102 50
134 102 50
134 102 50
134 102 50
134 101 50
134 101 50
134 101 50
134 101 50
134 101 50
134 101 50
134 101 50
134 101 50
134 101 50
134 101 50
134 101 50
134 101 50
134 101 50
134 101 50
134 101 50
134 101 50
134 101 50
134 101 50
134 101 50
134 101 50
134 100 50
134 100 50
134 100 50
134 100 50
134 100 50
134 100 50
134 100 50
134 100 50
134 100 50
134 100 50
134 100 50
134 100 50
134 100 50
134 100 50
134 100 50
134 100 50
134 100 50
134 99 50
134 99 50
134 99 50
134 99 50
134 99 50
134 99 50
134 99 50
134 99 50
134 99 50
134 99 50
134 99 50
134 99 50
134 99 50
134 99 50
134 99 50
134 98 50
134 98 50
134 98 50
134 98 50
134 98 50
134 98 50
134 98 50
134 98 50
134 98 50
134 98 50
134 98 50
134 98 50
134 98 50
134 97 50
134 97 50
134 97 50
134 97 50
134 97 50
134 97 50
134 97 50
134 97 50
134 97 50
134 97 50
134 97 50
134 96 50
134 96 50
134 96 50
134 96 50
134 96 50
134 96 50
134 96 50
134 96 50
134 96 50
134 95 50
134 95 50
134 95 50
134 95 50
134 95 50
134 95 50
134 95 50
134 94 50
134 94 50
134 94 50
134 94 50
134 94 50
134 94 50
134 93 50
134 93 50
134 93 50
134 93 50
134 92 50
134 92 50
134 92 50
134 91 50
134 91 50
134 91 50
134 90 50
134 90 50
134 89 50
134 89 50
134 88 50
134 88 50
134 87 50
134 86 50
134 85 50
134 84 50
134 83 50
134 82 50
134 81 50
134 80 50
134 79 50
134 79 50
134 78 50
134 78 50
134 77 50
134 77 50
134 76 50
134 76 50
134 75 50
134 75 50
134 75 50
134 74 50
134 74 50
134 74 50
134 73 50
134 73 50
134 73 50
134 72 50
134 72 50
134 72 50
134 72 50
134 71 50
134 71 50
134 71 50
134 71 50
134 70 50
134 70 50
134 70 50
134 70 50
134 70 50
134 69 50
134 69 50
134 69 50
134 69 50
134 69 50
134 68 50
134 68 50
134 68 50
134 68 50
134 68 50
134 67 50
134 67 50
134 67 50
134 67 50
134 67 50
134 66 50
134 66 50
134 66 50
134 66 50
134 66 50
134 66 50
134 65 50
134 65 50
134 65 50
134 65 50
134 65 50
134 65 50
134 64 50
134 64 50
134 64 50
134 64 50
134 64 50
134 64 50
134 64 50
134 63 50
134 63 50
134 63 50
134 63 50
134 63 50
134 63 50
134 63 50
134 63 50
134 62 50
134 62 50
134 62 50
134 62 50
134 62 50
134 62 50
134 62 50
134 62 50
134 61 50
134 61 50
134 61 50
134 61 50
134 61 50
134 61 50
134 61 50
134 61 50
134 61 50
134 60 50
134 60 50
134 60 50
134 60 50
134 60 50
134 60 50
134 60 50
134 60 50
134 60 50
134 60 50
134 59 50
134 59 50
134 59 50
134 59 50
134 59 50
134 59 50
134 59 50
134 59 50
134 59 50
134 59 50
134 59 50
134 58 50
134 58 50
134 58 50
134 58 50
134 58 50
134 58 50
134 58 50
134 58 50
134 58 50
134 58 50
134 58 50
134 57 50
134 57 50
134 57 50
134 57 50
134 57 50
134 57 50
134 57 50
134 57 50
134 57 50
134 57 50
134 57 50
134 57 50
134 56 50
134 56 50
134 56 50
134 56 50
134 56 50
134 56 50
134 56 50
134 56 50
134 56 50
134 56 50
134 56 50
134 56 50
134 55 50
134 55 50
134 55 50
134 55 50
134 55 50
134 55 50
134 55 50
134 55 50
134 55 50
134 55 50
134 55 50
134 55 50
134 54 50
134 54 50
134 54 50
134 54 50
134 54 50
134 54 50
134 54 50
134 54 50
134 54 50
134 54 50
134 54 50
134 54 50
134 53 50
134 53 50
134 53 50
134 53 50
134 53 50
134 53 50
134 53 50
134 53 50
134 53 50
134 53 50
134 53 50
134 53 50
134 52 50
134 52 50
134 52 50
134 52 50
134 52 50
134 52 50
134 52 50
134 52 50
134 52 50
134 52 50
134 52 50
134 52 50
134 52 50
134 51 50
134 51 50
134 51 50
134 51 50
134 51 50
134 51 50
134 51 50
134 51 50
134 51 50
134 51 50
134 51 50
134 51 50
134 51 50
125 194 50
126 194 50
127 194 50
128 194 50
129 194 50
130 194 50
131 194 50
132 194 50
133 194 50
134 194 50
134 193 50
134 192 50
134 191 50
134 190 50
134 189 50
134 188 50
134 187 50
134 186 50
134 185 50
134 185 50
134 184 50
134 184 50
134 183 50
134 183 50
134 182 50
134 182 50
134 182 50
134 181 50
134 181 50
134 181 50
134 181 50
134 180 50
134 180 50
134 180 50
134 180 50
134 180 50
134 179 50
134 179 50
134 179 50
134 179 50
134 179 50
134 179 50
134 178 50
134 178 50
134 178 50
134 178 50
134 178 50
134 178 50
134 178 50
134 178 50
134 177 50
134 177 50
134 177 50
134 177 50
134 177 50
134 177 50
134 177 50
134 177 50
134 177 50
134 177 50
134 176 50
134 176 50
134 176 50
134 176 50
134 176 50
134 176 50
134 176 50
134 176 50
134 176 50
134 176 50
134 176 50
134 175 50
134 175 50
134 175 50
134 175 50
134 175 50
134 175 50
134 175 50
134 175 50
134 175 50
134 175 50
134 175 50
134 175 50
134 175 50
134 174 50
134 174 50
134 174 50
134 174 50
134 174 50
134 174 50
134 174 50
134 174 50
134 174 50
134 174 50
134 174 50
134 174 50
134 174 50
134 174 50
134 174 50
134 174 50
134 173 50
134 173 50
134 173 50
134 173 50
134 173 50
134 173 50
134 173 50
134 173 50
134 173 50
134 173 50
134 173 50
134 173 50
134 173 50
134 173 50
134 173 50
134 173 50
134 173 50
134 173 50
134 172 50
134 172 50
134 172 50
134 172 50
134 172 50
134 172 50
134 172 50
134 172 50
134 172 50
134 172 50
134 172 50
134 172 50
134 172 50
134 172 50
134 172 50
134 172 50
134 172 50
134 172 50
134 172 50
134 172 50
134 171 50
134 171 50
134 171 50
134 171 50
134 171 50
134 171 50
134 171 50
134 171 50
134 171 50
134 171 50
134 171 50
134 171 50
134 171 50
134 171 50
134 171 50
134 171 50
134 171 50
134 171 50
134 171 50
134 171 50
134 171 50
134 171 50
134 170 50
134 170 50
134 170 50
134 170 50
134 170 50
134 170 50
134 170 50
134 170 50
134 170 50
134 170 50
134 170 50
134 170 50
134 170 50
134 170 50
134 170 50
134 170 50
134 170 50
134 170 50
134 170 50
134 170 50
134 170 50
134 170 50
134 170 50
134 169 50
134 169 50
134 169 50
134 169 50
134 169 50
134 169 50
134 169 50
134 169 50
134 169 50
134 169 50
134 169 50
134 169 50
134 169 50
134 169 50
134 169 50
134 169 50
134 169 50
134 169 50
134 169 50
134 169 50
134 169 50
134 169 50
134 169 50
134 169 50
134 169 50
134 168 50
134 168 50
134 168 50
134 168 50
134 168 50
134 168 50
134 168 50
134 168 50
134 168 50
134 168 50
134 168 50
134 168 50
134 168 50
134 168 50
134 168 50
134 168 50
134 168 50
134 168 50
134 168 50
134 168 50
134 168 50
134 168 50
134 168 50
134 168 50
134 168 50
134 168 50
134 168 50
134 167 50
134 167 50
134 167 50
134 167 50
134 167 50
134 167 50
134 167 50
134 167 50
134 167 50
134 167 50
134 167 50
134 167 50
134 167 50
134 167 50
134 167 50
134 167 50
134 167 50
134 167 50
134 167 50
134 167 50
134 167 50
134 167 50
134 167 50
134 167 50
134 167 50
134 167 50
134 167 50
134 167 50
134 167 50
134 166 50
134 166 50
134 166 50
134 166 50
134 166 50
134 166 50
134 166 50
134 166 50
134 166 50
134 166 50
134 166 50
134 166 50
134 166 50
134 166 50
134 166 50
134 166 50
134 166 50
134 166 50
134 166 50
134 166 50
134 166 50
134 166 50
134 166 50
134 166 50
134 166 50
134 166 50
134 166 50
134 166 50
134 166 50
134 166 50
134 166 50
134 165 50
134 165 50
134 165 50
134 165 50
134 165 50
134 165 50
134 165 50
134 165 50
134 165 50
134 165 50
134 165 50
134 165 50
134 165 50
134 165 50
134 165 50
134 165 50
134 165 50
134 165 50
134 165 50
134 165 50
134 165 50
134 165 50
134 165 50
134 165 50
134 165 50
134 165 50
134 165 50
134 165 50
134 165 50
134 165 50
134 165 50
134 165 50
134 165 50
134 164 50
134 164 50
134 164 50
134 164 50
134 164 50
134 164 50
134 164 50
134 164 50
134 164 50
134 164 50
134 164 50
134 164 50
134 164 50
134 164 50
134 164 50
134 164 50
134 164 50
134 164 50
134 164 50
134 164 50
134 164 50
134 164 50
134 164 50
134 164 50
134 164 50
134 164 50
134 164 50
134 164 50
134 164 50
134 164 50
134 164 50
134 164 50
134 164 50
134 164 50
134 164 50
134 163 50
134 163 50
134 163 50
134 163 50
134 163 50
134 163 50
134 163 50
134 163 50
134 163 50
134 163 50
134 163 50
134 163 50
134 163 50
134 163 50
134 163 50
134 163 50
134 163 50
134 163 50
134 163 50
134 163 50
134 163 50
134 163 50
134 163 50
134 163 50
134 163 50
134 163 50
134 163 50
134 163 50
134 163 50
134 163 50
134 163 50
134 163 50
134 163 50
134 163 50
134 163 50
134 163 50
134 163 50
134 162 50
134 162 50
134 162 50
134 162 50
134 162 50
134 162 50
134 162 50
134 162 50
134 162 50
134 162 50
134 162 50
134 162 50
134 162 50
134 162 50
134 162 50
134 162 50
134 162 50
134 162 50
134 162 50
134 162 50
134 162 50
134 162 50
134 162 50
134 162 50
134 162 50
134 162 50
134 162 50
134 162 50
134 162 50
134 162 50
134 162 50
134 162 50
134 162 50
134 162 50
134 162 50
134 162 50
134 162 50
134 162 50
134 161 50
134 161 50
134 161 50
134 161 50
134 161 50
134 161 50
134 161 50
134 161 50
134 161 50
134 161 50
134 161 50
134 161 50
134 161 50
134 161 50
134 161 50
134 161 50
134 161 50
134 161 50
134 161 50
134 161 50
134 161 50
134 161 50
134 161 50
134 161 50
134 161 50
134 161 50
134 161 50
134 161 50
134 161 50
134 161 50
134 161 50
134 161 50
134 161 50
134 161 50
134 161 50
134 161 50
134 161 50
134 161 50
134 161 50
134 161 50
134 160 50
134 160 50
134 160 50
134 160 50
134 160 50
134 160 50
134 160 50
134 160 50
134 160 50
134 160 50
134 160 50
134 160 50
134 160 50
134 160 50
134 160 50
134 160 50
134 160 50
134 160 50
134 160 50
134 160 50
134 160 50
134 160 50
134 160 50
134 160 50
134 160 50
134 160 50
134 160 50
134 160 50
134 160 50
134 160 50
134 160 50
134 160 50
134 160 50
134 160 50
134 160 50
134 160 50
134 160 50
134 160 50
134 160 50
134 160 50
134 159 50
134 159 50
134 159 50
134 159 50
134 159 50
134 159 50
134 159 50
134 159 50
134 159 50
134 159 50
134 159 50
134 159 50
134 159 50
134 159 50
134 159 50
134 159 50
134 159 50
134 159 50
134 159 50
134 159 50
134 159 50
134 159 50
134 159 50
134 159 50
134 159 50
134 159 50
134 159 50
134 159 50
134 159 50
134 159 50
134 159 50
134 159 50
134 159 50
134 159 50
134 159 50
134 159 50
134 159 50
134 159 50
134 159 50
134 158 50
134 158 50
134 158 50
134 158 50
134 158 50
134 158 50
134 158 50
134 158 50
134 158 50
134 158 50
134 158 50
134 158 50
134 158 50
134 158 50
134 158 50
134 158 50
134 158 50
134 158 50
134 158 50
134 158 50
134 158 50
134 158 50
134 158 50
134 158 50
134 158 50
134 158 50
134 158 50
134 158 50
134 158 50
134 158 50
134 158 50
134 158 50
134 158 50
134 158 50
134 158 50
134 158 50
134 158 50
134 157 50
134 157 50
134 157 50
134 157 50
134 157 50
134 157 50
134 157 50
134 157 50
134 157 50
134 157 50
134 157 50
134 157 50
134 157 50
134 157 50
134 157 50
134 157 50
134 157 50
134 157 50
134 157 50
134 157 50
134 157 50
134 157 50
134 157 50
134 157 50
134 157 50
134 157 50
134 157 50
134 157 50
134 157 50
134 157 50
134 157 50
134 157 50
134 157 50
134 157 50
134 156 50
134 156 50
134 156 50
134 156 50
134 156 50
134 156 50
134 156 50
134 156 50
134 156 50
134 156 50
134 156 50
134 156 50
134 156 50
134 156 50
134 156 50
134 156 50
134 156 50
134 156 50
134 156 50
134 156 50
134 156 50
134 156 50
134 156 50
134 156 50
134 156 50
134 156 50
134 156 50
134 156 50
134 156 50
134 156 50
134 156 50
134 155 50
134 155 50
134 155 50
134 155 50
134 155 50
134 155 50
134 155 50
134 155 50
134 155 50
134 155 50
134 155 50
134 155 50
134 155 50
134 155 50
134 155 50
134 155 50
134 155 50
134 155 50
134 155 50
134 155 50
134 155 50
134 155 50
134 155 50
134 155 50
134 155 50
134 155 50
134 155 50
134 154 50
134 154 50
134 154 50
134 154 50
134 154 50
134 154 50
134 154 50
134 154 50
134 154 50
134 154 50
134 154 50
134 154 50
134 154 50
134 154 50
134 154 50
134 154 50
134 154 50
134 154 50
134 154 50
134 154 50
134 154 50
134 154 50
134 154 50
134 153 50
134 153 50
134 153 50
134 153 50
134 153 50
134 153 50
134 153 50
134 153 50
134 153 50
134 153 50
134 153 50
134 153 50
134 153 50
134 153 50
134 153 50
134 153 50
134 153 50
134 153 50
134 153 50
134 152 50
134 152 50
134 152 50
134 152 50
134 152 50
134 152 50
134 152 50
134 152 50
134 152 50
134 152 50
134 152 50
134 152 50
134 152 50
134 152 50
134 152 50
134 152 50
134 151 50
134 151 50
134 151 50
134 151 50
134 151 50
134 151 50
134 151 50
134 151 50
134 151 50
134 151 50
134 151 50
134 151 50
134 151 50
134 150 50
134 150 50
134 150 50
134 150 50
134 150 50
134 150 50
134 150 50
134 150 50
134 150 50
134 150 50
134 150 50
134 149 50
134 149 50
134 149 50
134 149 50
134 149 50
134 149 50
134 149 50
134 149 50
134 149 50
134 148 50
134 148 50
134 148 50
134 148 50
134 148 50
134 148 50
134 148 50
134 147 50
134 147 50
134 147 50
134 147 50
134 147 50
134 147 50
134 146 50
134 146 50
134 146 50
134 146 50
134 146 50
134 145 50
134 145 50
134 145 50
134 145 50
134 144 50
134 144 50
134 144 50
134 143 50
134 143 50
134 143 50
134 142 50
134 142 50
134 142 50
134 141 50
134 141 50
134 140 50
134 140 50
134 139 50
134 139 50
134 138 50
134 138 50
134 137 50
134 137 50
134 136 50
134 135 50
134 134 50
134 133 50
134 132 50
134 131 50
151 181 50
151 181 50
150 181 50
150 181 50
149 181 50
149 181 50
148 181 50
148 181 50
148 181 50
147 181 50
147 181 50
147 181 50
146 181 50
146 181 50
146 181 50
145 181 50
145 181 50
145 181 50
145 181 50
144 181 50
144 181 50
144 181 50
144 181 50
143 181 50
143 181 50
143 181 50
143 181 50
143 181 50
142 181 50
142 181 50
142 181 50
142 181 50
142 181 50
141 181 50
141 181 50
141 181 50
141 181 50
141 181 50
140 181 50
140 181 50
140 181 50
140 181 50
140 181 50
139 181 50
139 181 50
139 181 50
139 181 50
139 181 50
138 181 50
138 181 50
138 181 50
138 181 50
138 181 50
137 181 50
137 181 50
137 181 50
137 181 50
137 181 50
136 181 50
136 181 50
136 181 50
136 181 50
136 181 50
135 181 50
135 181 50
135 181 50
135 181 50
