50 60 70 80 90 100 110 120 130 140 150 185 220 255 290 325 360 395 430 465 500 500 500 500 500 500 500 500 500 500 500 500 500 500 500 500 500 500 500 500 500 500 500 500 500 500 500 500 500 500 500 500 500 500 500 500 500 500 500 500 500 500 500 500 500 500 500 500 500 500 500 500 500 500 500 500 500 500 500 500 500 500 500 500 500 500 500 500 500 500 500 500 500 500 500 500 500 500 500 500 500 500 500 500 500 500 500 500 500 500 500 500 500 500 500 500 500 500 500 500 500 500 500 500 500 500 500 500 500 500 500 500 500 500 500 500 500 500 500 500 500 465 430 395 360 325 290 255 220 185 150 185 220 255 290 325 360 395 430 465 500 500 500 500 500 500 500 500 500 500 500 500 500 500 500 500 500 500 500 500 500 500 500 500 500 500 500 500 500 500 500 500 500 500 500 500 500 500 500 500 
95 0 0 0 0 0 0 0 0 0 185 0 0 0 0 0 0 0 0 0 500 0 0 0 0 0 0 0 0 0 500 0 0 0 0 0 0 0 0 0 500 0 0 0 0 0 0 0 0 0 500 0 0 0 0 0 0 0 0 0 500 0 0 0 0 0 0 0 0 0 500 0 0 0 0 0 0 0 0 0 500 0 0 0 0 0 0 0 0 0 455 0 0 0 0 0 0 0 0 0 500 0 0 0 0 0 0 0 0 0 500 0 0 0 0 0 0 0 0 0 500 0 0 0 0 0 0 0 0 0 500 0 0 0 0 0 0 0 0 0 460 0 0 0 0 0 0 0 0 0 140 0 0 0 0 0 0 0 0 0 500 0 0 0 0 0 0 0 0 0 500 0 0 0 0 0 0 0 0 0 500 0 0 0 0 0 0 0 0 0 500 0 0 0 0 0 0 0 0 0 
140 0 0 0 0 0 0 0 0 0 220 0 0 0 0 0 0 0 0 0 500 0 0 0 0 0 0 0 0 0 500 0 0 0 0 0 0 0 0 0 500 0 0 0 0 0 0 0 0 0 500 0 0 0 0 0 0 0 0 0 500 0 0 0 0 0 0 0 0 0 500 0 0 0 0 0 0 0 0 0 500 0 0 0 0 0 0 0 0 0 410 0 0 0 0 0 0 0 0 0 500 0 0 0 0 0 0 0 0 0 500 0 0 0 0 0 0 0 0 0 500 0 0 0 0 0 0 0 0 0 500 0 0 0 0 0 0 0 0 0 420 0 0 0 0 0 0 0 0 0 130 0 0 0 0 0 0 0 0 0 500 0 0 0 0 0 0 0 0 0 500 0 0 0 0 0 0 0 0 0 500 0 0 0 0 0 0 0 0 0 500 0 0 0 0 0 0 0 0 0 
185 0 0 0 0 0 0 0 0 0 255 0 0 0 0 0 0 0 0 0 500 0 0 0 0 0 0 0 0 0 500 0 0 0 0 0 0 0 0 0 500 0 0 0 0 0 0 0 0 0 500 0 0 0 0 0 0 0 0 0 500 0 0 0 0 0 0 0 0 0 500 0 0 0 0 0 0 0 0 0 500 0 0 0 0 0 0 0 0 0 365 0 0 0 0 0 0 0 0 0 500 0 0 0 0 0 0 0 0 0 500 0 0 0 0 0 0 0 0 0 500 0 0 0 0 0 0 0 0 0 500 0 0 0 0 0 0 0 0 0 380 0 0 0 0 0 0 0 0 0 120 0 0 0 0 0 0 0 0 0 500 0 0 0 0 0 0 0 0 0 500 0 0 0 0 0 0 0 0 0 500 0 0 0 0 0 0 0 0 0 500 0 0 0 0 0 0 0 0 0 
230 0 0 0 0 0 0 0 0 0 290 0 0 0 0 0 0 0 0 0 500 0 0 0 0 0 0 0 0 0 500 0 0 0 0 0 0 0 0 0 500 0 0 0 0 0 0 0 0 0 500 0 0 0 0 0 0 0 0 0 500 0 0 0 0 0 0 0 0 0 500 0 0 0 0 0 0 0 0 0 500 0 0 0 0 0 0 0 0 0 320 0 0 0 0 0 0 0 0 0 500 0 0 0 0 0 0 0 0 0 500 0 0 0 0 0 0 0 0 0 500 0 0 0 0 0 0 0 0 0 500 0 0 0 0 0 0 0 0 0 340 0 0 0 0 0 0 0 0 0 110 0 0 0 0 0 0 0 0 0 500 0 0 0 0 0 0 0 0 0 500 0 0 0 0 0 0 0 0 0 500 0 0 0 0 0 0 0 0 0 500 0 0 0 0 0 0 0 0 0 
275 0 0 0 0 0 0 0 0 0 325 0 0 0 0 0 0 0 0 0 500 0 0 0 0 0 0 0 0 0 500 0 0 0 0 0 0 0 0 0 500 0 0 0 0 0 0 0 0 0 500 0 0 0 0 0 0 0 0 0 500 0 0 0 0 0 0 0 0 0 500 0 0 0 0 0 0 0 0 0 500 0 0 0 0 0 0 0 0 0 275 0 0 0 0 0 0 0 0 0 500 0 0 0 0 0 0 0 0 0 500 0 0 0 0 0 0 0 0 0 500 0 0 0 0 0 0 0 0 0 500 0 0 0 0 0 0 0 0 0 300 0 0 0 0 0 0 0 0 0 100 0 0 0 0 0 0 0 0 0 500 0 0 0 0 0 0 0 0 0 500 0 0 0 0 0 0 0 0 0 500 0 0 0 0 0 0 0 0 0 500 0 0 0 0 0 0 0 0 0 
320 0 0 0 0 0 0 0 0 0 360 0 0 0 0 0 0 0 0 0 500 0 0 0 0 0 0 0 0 0 500 0 0 0 0 0 0 0 0 0 500 0 0 0 0 0 0 0 0 0 500 0 0 0 0 0 0 0 0 0 500 0 0 0 0 0 0 0 0 0 500 0 0 0 0 0 0 0 0 0 500 0 0 0 0 0 0 0 0 0 230 0 0 0 0 0 0 0 0 0 500 0 0 0 0 0 0 0 0 0 500 0 0 0 0 0 0 0 0 0 500 0 0 0 0 0 0 0 0 0 500 0 0 0 0 0 0 0 0 0 260 0 0 0 0 0 0 0 0 0 90 0 0 0 0 0 0 0 0 0 500 0 0 0 0 0 0 0 0 0 500 0 0 0 0 0 0 0 0 0 500 0 0 0 0 0 0 0 0 0 500 0 0 0 0 0 0 0 0 0 
365 0 0 0 0 0 0 0 0 0 395 0 0 0 0 0 0 0 0 0 500 0 0 0 0 0 0 0 0 0 500 0 0 0 0 0 0 0 0 0 500 0 0 0 0 0 0 0 0 0 500 0 0 0 0 0 0 0 0 0 500 0 0 0 0 0 0 0 0 0 500 0 0 0 0 0 0 0 0 0 500 0 0 0 0 0 0 0 0 0 185 0 0 0 0 0 0 0 0 0 500 0 0 0 0 0 0 0 0 0 500 0 0 0 0 0 0 0 0 0 500 0 0 0 0 0 0 0 0 0 500 0 0 0 0 0 0 0 0 0 220 0 0 0 0 0 0 0 0 0 80 0 0 0 0 0 0 0 0 0 500 0 0 0 0 0 0 0 0 0 500 0 0 0 0 0 0 0 0 0 500 0 0 0 0 0 0 0 0 0 500 0 0 0 0 0 0 0 0 0 
410 0 0 0 0 0 0 0 0 0 430 0 0 0 0 0 0 0 0 0 500 0 0 0 0 0 0 0 0 0 500 0 0 0 0 0 0 0 0 0 500 0 0 0 0 0 0 0 0 0 500 0 0 0 0 0 0 0 0 0 500 0 0 0 0 0 0 0 0 0 500 0 0 0 0 0 0 0 0 0 500 0 0 0 0 0 0 0 0 0 140 0 0 0 0 0 0 0 0 0 500 0 0 0 0 0 0 0 0 0 500 0 0 0 0 0 0 0 0 0 500 0 0 0 0 0 0 0 0 0 500 0 0 0 0 0 0 0 0 0 180 0 0 0 0 0 0 0 0 0 70 0 0 0 0 0 0 0 0 0 500 0 0 0 0 0 0 0 0 0 500 0 0 0 0 0 0 0 0 0 500 0 0 0 0 0 0 0 0 0 500 0 0 0 0 0 0 0 0 0 
455 0 0 0 0 0 0 0 0 0 465 0 0 0 0 0 0 0 0 0 500 0 0 0 0 0 0 0 0 0 500 0 0 0 0 0 0 0 0 0 500 0 0 0 0 0 0 0 0 0 500 0 0 0 0 0 0 0 0 0 500 0 0 0 0 0 0 0 0 0 500 0 0 0 0 0 0 0 0 0 500 0 0 0 0 0 0 0 0 0 95 0 0 0 0 0 0 0 0 0 500 0 0 0 0 0 0 0 0 0 500 0 0 0 0 0 0 0 0 0 500 0 0 0 0 0 0 0 0 0 500 0 0 0 0 0 0 0 0 0 140 0 0 0 0 0 0 0 0 0 60 0 0 0 0 0 0 0 0 0 500 0 0 0 0 0 0 0 0 0 500 0 0 0 0 0 0 0 0 0 500 0 0 0 0 0 0 0 0 0 500 0 0 0 0 0 0 0 0 0 
500 500 500 500 500 500 500 500 500 500 500 500 500 500 500 500 500 500 500 500 500 500 500 500 500 500 500 500 500 500 500 500 500 500 500 500 500 500 500 500 500 500 500 500 500 500 500 500 500 500 500 500 500 500 500 500 500 500 500 500 500 500 500 500 500 500 500 500 500 500 500 500 500 500 500 500 500 500 500 500 500 455 410 365 320 275 230 185 140 95 50 95 140 185 230 275 320 365 410 455 500 500 500 500 500 500 500 500 500 500 500 500 500 500 500 500 500 500 500 500 500 500 500 500 500 500 500 500 500 500 500 460 420 380 340 300 260 220 180 140 100 95 90 85 80 75 70 65 60 55 50 95 140 185 230 275 320 365 410 455 500 500 500 500 500 500 500 500 500 500 500 500 500 500 500 500 500 500 500 500 500 500 500 500 500 500 500 500 500 500 500 500 500 500 500 500 500 500 500 500 
500 0 0 0 0 0 0 0 0 0 500 0 0 0 0 0 0 0 0 0 500 0 0 0 0 0 0 0 0 0 460 0 0 0 0 0 0 0 0 0 500 0 0 0 0 0 0 0 0 0 500 0 0 0 0 0 0 0 0 0 465 0 0 0 0 0 0 0 0 0 500 0 0 0 0 0 0 0 0 0 500 0 0 0 0 0 0 0 0 0 55 0 0 0 0 0 0 0 0 0 455 0 0 0 0 0 0 0 0 0 500 0 0 0 0 0 0 0 0 0 500 0 0 0 0 0 0 0 0 0 500 0 0 0 0 0 0 0 0 0 140 0 0 0 0 0 0 0 0 0 55 0 0 0 0 0 0 0 0 0 500 0 0 0 0 0 0 0 0 0 500 0 0 0 0 0 0 0 0 0 455 0 0 0 0 0 0 0 0 0 460 0 0 0 0 0 0 0 0 0 
500 0 0 0 0 0 0 0 0 0 500 0 0 0 0 0 0 0 0 0 500 0 0 0 0 0 0 0 0 0 420 0 0 0 0 0 0 0 0 0 500 0 0 0 0 0 0 0 0 0 500 0 0 0 0 0 0 0 0 0 430 0 0 0 0 0 0 0 0 0 500 0 0 0 0 0 0 0 0 0 500 0 0 0 0 0 0 0 0 0 60 0 0 0 0 0 0 0 0 0 410 0 0 0 0 0 0 0 0 0 500 0 0 0 0 0 0 0 0 0 500 0 0 0 0 0 0 0 0 0 500 0 0 0 0 0 0 0 0 0 180 0 0 0 0 0 0 0 0 0 60 0 0 0 0 0 0 0 0 0 500 0 0 0 0 0 0 0 0 0 500 0 0 0 0 0 0 0 0 0 410 0 0 0 0 0 0 0 0 0 420 0 0 0 0 0 0 0 0 0 
500 0 0 0 0 0 0 0 0 0 500 0 0 0 0 0 0 0 0 0 500 0 0 0 0 0 0 0 0 0 380 0 0 0 0 0 0 0 0 0 500 0 0 0 0 0 0 0 0 0 500 0 0 0 0 0 0 0 0 0 395 0 0 0 0 0 0 0 0 0 500 0 0 0 0 0 0 0 0 0 500 0 0 0 0 0 0 0 0 0 65 0 0 0 0 0 0 0 0 0 365 0 0 0 0 0 0 0 0 0 500 0 0 0 0 0 0 0 0 0 500 0 0 0 0 0 0 0 0 0 500 0 0 0 0 0 0 0 0 0 220 0 0 0 0 0 0 0 0 0 65 0 0 0 0 0 0 0 0 0 500 0 0 0 0 0 0 0 0 0 500 0 0 0 0 0 0 0 0 0 365 0 0 0 0 0 0 0 0 0 380 0 0 0 0 0 0 0 0 0 
500 0 0 0 0 0 0 0 0 0 500 0 0 0 0 0 0 0 0 0 500 0 0 0 0 0 0 0 0 0 340 0 0 0 0 0 0 0 0 0 500 0 0 0 0 0 0 0 0 0 500 0 0 0 0 0 0 0 0 0 360 0 0 0 0 0 0 0 0 0 500 0 0 0 0 0 0 0 0 0 500 0 0 0 0 0 0 0 0 0 70 0 0 0 0 0 0 0 0 0 320 0 0 0 0 0 0 0 0 0 500 0 0 0 0 0 0 0 0 0 500 0 0 0 0 0 0 0 0 0 500 0 0 0 0 0 0 0 0 0 260 0 0 0 0 0 0 0 0 0 70 0 0 0 0 0 0 0 0 0 500 0 0 0 0 0 0 0 0 0 500 0 0 0 0 0 0 0 0 0 320 0 0 0 0 0 0 0 0 0 340 0 0 0 0 0 0 0 0 0 
500 0 0 0 0 0 0 0 0 0 500 0 0 0 0 0 0 0 0 0 500 0 0 0 0 0 0 0 0 0 300 0 0 0 0 0 0 0 0 0 500 0 0 0 0 0 0 0 0 0 500 0 0 0 0 0 0 0 0 0 325 0 0 0 0 0 0 0 0 0 500 0 0 0 0 0 0 0 0 0 500 0 0 0 0 0 0 0 0 0 75 0 0 0 0 0 0 0 0 0 275 0 0 0 0 0 0 0 0 0 500 0 0 0 0 0 0 0 0 0 500 0 0 0 0 0 0 0 0 0 500 0 0 0 0 0 0 0 0 0 300 0 0 0 0 0 0 0 0 0 75 0 0 0 0 0 0 0 0 0 500 0 0 0 0 0 0 0 0 0 500 0 0 0 0 0 0 0 0 0 275 0 0 0 0 0 0 0 0 0 300 0 0 0 0 0 0 0 0 0 
500 0 0 0 0 0 0 0 0 0 500 0 0 0 0 0 0 0 0 0 500 0 0 0 0 0 0 0 0 0 260 0 0 0 0 0 0 0 0 0 500 0 0 0 0 0 0 0 0 0 500 0 0 0 0 0 0 0 0 0 290 0 0 0 0 0 0 0 0 0 500 0 0 0 0 0 0 0 0 0 500 0 0 0 0 0 0 0 0 0 80 0 0 0 0 0 0 0 0 0 230 0 0 0 0 0 0 0 0 0 500 0 0 0 0 0 0 0 0 0 500 0 0 0 0 0 0 0 0 0 500 0 0 0 0 0 0 0 0 0 340 0 0 0 0 0 0 0 0 0 80 0 0 0 0 0 0 0 0 0 500 0 0 0 0 0 0 0 0 0 500 0 0 0 0 0 0 0 0 0 230 0 0 0 0 0 0 0 0 0 260 0 0 0 0 0 0 0 0 0 
500 0 0 0 0 0 0 0 0 0 500 0 0 0 0 0 0 0 0 0 500 0 0 0 0 0 0 0 0 0 220 0 0 0 0 0 0 0 0 0 500 0 0 0 0 0 0 0 0 0 500 0 0 0 0 0 0 0 0 0 255 0 0 0 0 0 0 0 0 0 500 0 0 0 0 0 0 0 0 0 500 0 0 0 0 0 0 0 0 0 85 0 0 0 0 0 0 0 0 0 185 0 0 0 0 0 0 0 0 0 500 0 0 0 0 0 0 0 0 0 500 0 0 0 0 0 0 0 0 0 500 0 0 0 0 0 0 0 0 0 380 0 0 0 0 0 0 0 0 0 85 0 0 0 0 0 0 0 0 0 500 0 0 0 0 0 0 0 0 0 500 0 0 0 0 0 0 0 0 0 185 0 0 0 0 0 0 0 0 0 220 0 0 0 0 0 0 0 0 0 
500 0 0 0 0 0 0 0 0 0 500 0 0 0 0 0 0 0 0 0 500 0 0 0 0 0 0 0 0 0 180 0 0 0 0 0 0 0 0 0 500 0 0 0 0 0 0 0 0 0 500 0 0 0 0 0 0 0 0 0 220 0 0 0 0 0 0 0 0 0 500 0 0 0 0 0 0 0 0 0 500 0 0 0 0 0 0 0 0 0 90 0 0 0 0 0 0 0 0 0 140 0 0 0 0 0 0 0 0 0 500 0 0 0 0 0 0 0 0 0 500 0 0 0 0 0 0 0 0 0 500 0 0 0 0 0 0 0 0 0 420 0 0 0 0 0 0 0 0 0 90 0 0 0 0 0 0 0 0 0 500 0 0 0 0 0 0 0 0 0 500 0 0 0 0 0 0 0 0 0 140 0 0 0 0 0 0 0 0 0 180 0 0 0 0 0 0 0 0 0 
500 0 0 0 0 0 0 0 0 0 500 0 0 0 0 0 0 0 0 0 500 0 0 0 0 0 0 0 0 0 140 0 0 0 0 0 0 0 0 0 500 0 0 0 0 0 0 0 0 0 500 0 0 0 0 0 0 0 0 0 185 0 0 0 0 0 0 0 0 0 500 0 0 0 0 0 0 0 0 0 500 0 0 0 0 0 0 0 0 0 95 0 0 0 0 0 0 0 0 0 95 0 0 0 0 0 0 0 0 0 500 0 0 0 0 0 0 0 0 0 500 0 0 0 0 0 0 0 0 0 500 0 0 0 0 0 0 0 0 0 460 0 0 0 0 0 0 0 0 0 95 0 0 0 0 0 0 0 0 0 500 0 0 0 0 0 0 0 0 0 500 0 0 0 0 0 0 0 0 0 95 0 0 0 0 0 0 0 0 0 140 0 0 0 0 0 0 0 0 0 
500 500 500 500 500 500 500 500 500 500 500 500 500 500 500 500 500 500 500 500 500 460 420 380 340 300 260 220 180 140 100 140 180 220 260 300 340 380 420 460 500 500 500 500 500 500 500 500 500 500 500 465 430 395 360 325 290 255 220 185 150 185 220 255 290 325 360 395 430 465 500 500 500 500 500 500 500 500 500 500 500 460 420 380 340 300 260 220 180 140 100 95 90 85 80 75 70 65 60 55 50 95 140 185 230 275 320 365 410 455 500 500 500 500 500 500 500 500 500 500 500 500 500 500 500 500 500 500 500 500 500 500 500 500 500 500 500 500 500 500 500 460 420 380 340 300 260 220 180 140 100 140 180 220 260 300 340 380 420 460 500 500 500 500 500 500 500 500 500 500 500 455 410 365 320 275 230 185 140 95 50 55 60 65 70 75 80 85 90 95 100 100 100 100 100 100 100 100 100 100 
500 0 0 0 0 0 0 0 0 0 500 0 0 0 0 0 0 0 0 0 500 0 0 0 0 0 0 0 0 0 140 0 0 0 0 0 0 0 0 0 500 0 0 0 0 0 0 0 0 0 500 0 0 0 0 0 0 0 0 0 185 0 0 0 0 0 0 0 0 0 500 0 0 0 0 0 0 0 0 0 500 0 0 0 0 0 0 0 0 0 140 0 0 0 0 0 0 0 0 0 60 0 0 0 0 0 0 0 0 0 500 0 0 0 0 0 0 0 0 0 500 0 0 0 0 0 0 0 0 0 500 0 0 0 0 0 0 0 0 0 500 0 0 0 0 0 0 0 0 0 140 0 0 0 0 0 0 0 0 0 500 0 0 0 0 0 0 0 0 0 500 0 0 0 0 0 0 0 0 0 50 0 0 0 0 0 0 0 0 0 95 0 0 0 0 0 0 0 0 0 
500 0 0 0 0 0 0 0 0 0 500 0 0 0 0 0 0 0 0 0 500 0 0 0 0 0 0 0 0 0 180 0 0 0 0 0 0 0 0 0 500 0 0 0 0 0 0 0 0 0 500 0 0 0 0 0 0 0 0 0 220 0 0 0 0 0 0 0 0 0 500 0 0 0 0 0 0 0 0 0 500 0 0 0 0 0 0 0 0 0 180 0 0 0 0 0 0 0 0 0 70 0 0 0 0 0 0 0 0 0 500 0 0 0 0 0 0 0 0 0 500 0 0 0 0 0 0 0 0 0 500 0 0 0 0 0 0 0 0 0 500 0 0 0 0 0 0 0 0 0 180 0 0 0 0 0 0 0 0 0 500 0 0 0 0 0 0 0 0 0 500 0 0 0 0 0 0 0 0 0 50 0 0 0 0 0 0 0 0 0 90 0 0 0 0 0 0 0 0 0 
500 0 0 0 0 0 0 0 0 0 500 0 0 0 0 0 0 0 0 0 500 0 0 0 0 0 0 0 0 0 220 0 0 0 0 0 0 0 0 0 500 0 0 0 0 0 0 0 0 0 500 0 0 0 0 0 0 0 0 0 255 0 0 0 0 0 0 0 0 0 500 0 0 0 0 0 0 0 0 0 500 0 0 0 0 0 0 0 0 0 220 0 0 0 0 0 0 0 0 0 80 0 0 0 0 0 0 0 0 0 500 0 0 0 0 0 0 0 0 0 500 0 0 0 0 0 0 0 0 0 500 0 0 0 0 0 0 0 0 0 500 0 0 0 0 0 0 0 0 0 220 0 0 0 0 0 0 0 0 0 500 0 0 0 0 0 0 0 0 0 500 0 0 0 0 0 0 0 0 0 50 0 0 0 0 0 0 0 0 0 85 0 0 0 0 0 0 0 0 0 
500 0 0 0 0 0 0 0 0 0 500 0 0 0 0 0 0 0 0 0 500 0 0 0 0 0 0 0 0 0 260 0 0 0 0 0 0 0 0 0 500 0 0 0 0 0 0 0 0 0 500 0 0 0 0 0 0 0 0 0 290 0 0 0 0 0 0 0 0 0 500 0 0 0 0 0 0 0 0 0 500 0 0 0 0 0 0 0 0 0 260 0 0 0 0 0 0 0 0 0 90 0 0 0 0 0 0 0 0 0 500 0 0 0 0 0 0 0 0 0 500 0 0 0 0 0 0 0 0 0 500 0 0 0 0 0 0 0 0 0 500 0 0 0 0 0 0 0 0 0 260 0 0 0 0 0 0 0 0 0 500 0 0 0 0 0 0 0 0 0 500 0 0 0 0 0 0 0 0 0 50 0 0 0 0 0 0 0 0 0 80 0 0 0 0 0 0 0 0 0 
500 0 0 0 0 0 0 0 0 0 500 0 0 0 0 0 0 0 0 0 500 0 0 0 0 0 0 0 0 0 300 0 0 0 0 0 0 0 0 0 500 0 0 0 0 0 0 0 0 0 500 0 0 0 0 0 0 0 0 0 325 0 0 0 0 0 0 0 0 0 500 0 0 0 0 0 0 0 0 0 500 0 0 0 0 0 0 0 0 0 300 0 0 0 0 0 0 0 0 0 100 0 0 0 0 0 0 0 0 0 500 0 0 0 0 0 0 0 0 0 500 0 0 0 0 0 0 0 0 0 500 0 0 0 0 0 0 0 0 0 500 0 0 0 0 0 0 0 0 0 300 0 0 0 0 0 0 0 0 0 500 0 0 0 0 0 0 0 0 0 500 0 0 0 0 0 0 0 0 0 50 0 0 0 0 0 0 0 0 0 75 0 0 0 0 0 0 0 0 0 
500 0 0 0 0 0 0 0 0 0 500 0 0 0 0 0 0 0 0 0 500 0 0 0 0 0 0 0 0 0 340 0 0 0 0 0 0 0 0 0 500 0 0 0 0 0 0 0 0 0 500 0 0 0 0 0 0 0 0 0 360 0 0 0 0 0 0 0 0 0 500 0 0 0 0 0 0 0 0 0 500 0 0 0 0 0 0 0 0 0 340 0 0 0 0 0 0 0 0 0 110 0 0 0 0 0 0 0 0 0 500 0 0 0 0 0 0 0 0 0 500 0 0 0 0 0 0 0 0 0 500 0 0 0 0 0 0 0 0 0 500 0 0 0 0 0 0 0 0 0 340 0 0 0 0 0 0 0 0 0 500 0 0 0 0 0 0 0 0 0 500 0 0 0 0 0 0 0 0 0 50 0 0 0 0 0 0 0 0 0 70 0 0 0 0 0 0 0 0 0 
500 0 0 0 0 0 0 0 0 0 500 0 0 0 0 0 0 0 0 0 500 0 0 0 0 0 0 0 0 0 380 0 0 0 0 0 0 0 0 0 500 0 0 0 0 0 0 0 0 0 500 0 0 0 0 0 0 0 0 0 395 0 0 0 0 0 0 0 0 0 500 0 0 0 0 0 0 0 0 0 500 0 0 0 0 0 0 0 0 0 380 0 0 0 0 0 0 0 0 0 120 0 0 0 0 0 0 0 0 0 500 0 0 0 0 0 0 0 0 0 500 0 0 0 0 0 0 0 0 0 500 0 0 0 0 0 0 0 0 0 500 0 0 0 0 0 0 0 0 0 380 0 0 0 0 0 0 0 0 0 500 0 0 0 0 0 0 0 0 0 500 0 0 0 0 0 0 0 0 0 50 0 0 0 0 0 0 0 0 0 65 0 0 0 0 0 0 0 0 0 
500 0 0 0 0 0 0 0 0 0 500 0 0 0 0 0 0 0 0 0 500 0 0 0 0 0 0 0 0 0 420 0 0 0 0 0 0 0 0 0 500 0 0 0 0 0 0 0 0 0 500 0 0 0 0 0 0 0 0 0 430 0 0 0 0 0 0 0 0 0 500 0 0 0 0 0 0 0 0 0 500 0 0 0 0 0 0 0 0 0 420 0 0 0 0 0 0 0 0 0 130 0 0 0 0 0 0 0 0 0 500 0 0 0 0 0 0 0 0 0 500 0 0 0 0 0 0 0 0 0 500 0 0 0 0 0 0 0 0 0 500 0 0 0 0 0 0 0 0 0 420 0 0 0 0 0 0 0 0 0 500 0 0 0 0 0 0 0 0 0 500 0 0 0 0 0 0 0 0 0 50 0 0 0 0 0 0 0 0 0 60 0 0 0 0 0 0 0 0 0 
500 0 0 0 0 0 0 0 0 0 500 0 0 0 0 0 0 0 0 0 500 0 0 0 0 0 0 0 0 0 460 0 0 0 0 0 0 0 0 0 500 0 0 0 0 0 0 0 0 0 500 0 0 0 0 0 0 0 0 0 465 0 0 0 0 0 0 0 0 0 500 0 0 0 0 0 0 0 0 0 500 0 0 0 0 0 0 0 0 0 460 0 0 0 0 0 0 0 0 0 140 0 0 0 0 0 0 0 0 0 500 0 0 0 0 0 0 0 0 0 500 0 0 0 0 0 0 0 0 0 500 0 0 0 0 0 0 0 0 0 500 0 0 0 0 0 0 0 0 0 460 0 0 0 0 0 0 0 0 0 500 0 0 0 0 0 0 0 0 0 500 0 0 0 0 0 0 0 0 0 50 0 0 0 0 0 0 0 0 0 55 0 0 0 0 0 0 0 0 0 
500 500 500 500 500 500 500 500 500 500 500 500 500 500 500 500 500 500 500 500 500 500 500 500 500 500 500 500 500 500 500 500 500 500 500 500 500 500 500 500 500 500 500 500 500 500 500 500 500 500 500 500 500 500 500 500 500 500 500 500 500 500 500 500 500 500 500 500 500 500 500 500 500 500 500 500 500 500 500 500 500 500 500 500 500 500 500 500 500 500 500 465 430 395 360 325 290 255 220 185 150 185 220 255 290 325 360 395 430 465 500 500 500 500 500 500 500 500 500 500 500 500 500 500 500 500 500 500 500 500 500 500 500 500 500 500 500 500 500 500 500 500 500 500 500 500 500 500 500 500 500 500 500 500 500 500 500 500 500 500 500 500 500 500 500 500 500 500 500 500 500 455 410 365 320 275 230 185 140 95 50 50 50 50 50 50 50 50 50 50 50 50 50 50 50 50 50 50 50 50 
500 0 0 0 0 0 0 0 0 0 500 0 0 0 0 0 0 0 0 0 500 0 0 0 0 0 0 0 0 0 465 0 0 0 0 0 0 0 0 0 500 0 0 0 0 0 0 0 0 0 500 0 0 0 0 0 0 0 0 0 500 0 0 0 0 0 0 0 0 0 500 0 0 0 0 0 0 0 0 0 500 0 0 0 0 0 0 0 0 0 455 0 0 0 0 0 0 0 0 0 140 0 0 0 0 0 0 0 0 0 500 0 0 0 0 0 0 0 0 0 500 0 0 0 0 0 0 0 0 0 500 0 0 0 0 0 0 0 0 0 500 0 0 0 0 0 0 0 0 0 500 0 0 0 0 0 0 0 0 0 500 0 0 0 0 0 0 0 0 0 500 0 0 0 0 0 0 0 0 0 55 0 0 0 0 0 0 0 0 0 95 0 0 0 0 0 0 0 0 0 
500 0 0 0 0 0 0 0 0 0 500 0 0 0 0 0 0 0 0 0 500 0 0 0 0 0 0 0 0 0 430 0 0 0 0 0 0 0 0 0 500 0 0 0 0 0 0 0 0 0 500 0 0 0 0 0 0 0 0 0 500 0 0 0 0 0 0 0 0 0 500 0 0 0 0 0 0 0 0 0 500 0 0 0 0 0 0 0 0 0 410 0 0 0 0 0 0 0 0 0 130 0 0 0 0 0 0 0 0 0 500 0 0 0 0 0 0 0 0 0 500 0 0 0 0 0 0 0 0 0 500 0 0 0 0 0 0 0 0 0 500 0 0 0 0 0 0 0 0 0 500 0 0 0 0 0 0 0 0 0 500 0 0 0 0 0 0 0 0 0 500 0 0 0 0 0 0 0 0 0 60 0 0 0 0 0 0 0 0 0 140 0 0 0 0 0 0 0 0 0 
500 0 0 0 0 0 0 0 0 0 500 0 0 0 0 0 0 0 0 0 500 0 0 0 0 0 0 0 0 0 395 0 0 0 0 0 0 0 0 0 500 0 0 0 0 0 0 0 0 0 500 0 0 0 0 0 0 0 0 0 500 0 0 0 0 0 0 0 0 0 500 0 0 0 0 0 0 0 0 0 500 0 0 0 0 0 0 0 0 0 365 0 0 0 0 0 0 0 0 0 120 0 0 0 0 0 0 0 0 0 500 0 0 0 0 0 0 0 0 0 500 0 0 0 0 0 0 0 0 0 500 0 0 0 0 0 0 0 0 0 500 0 0 0 0 0 0 0 0 0 500 0 0 0 0 0 0 0 0 0 500 0 0 0 0 0 0 0 0 0 500 0 0 0 0 0 0 0 0 0 65 0 0 0 0 0 0 0 0 0 185 0 0 0 0 0 0 0 0 0 
500 0 0 0 0 0 0 0 0 0 500 0 0 0 0 0 0 0 0 0 500 0 0 0 0 0 0 0 0 0 360 0 0 0 0 0 0 0 0 0 500 0 0 0 0 0 0 0 0 0 500 0 0 0 0 0 0 0 0 0 500 0 0 0 0 0 0 0 0 0 500 0 0 0 0 0 0 0 0 0 500 0 0 0 0 0 0 0 0 0 320 0 0 0 0 0 0 0 0 0 110 0 0 0 0 0 0 0 0 0 500 0 0 0 0 0 0 0 0 0 500 0 0 0 0 0 0 0 0 0 500 0 0 0 0 0 0 0 0 0 500 0 0 0 0 0 0 0 0 0 500 0 0 0 0 0 0 0 0 0 500 0 0 0 0 0 0 0 0 0 500 0 0 0 0 0 0 0 0 0 70 0 0 0 0 0 0 0 0 0 230 0 0 0 0 0 0 0 0 0 
500 0 0 0 0 0 0 0 0 0 500 0 0 0 0 0 0 0 0 0 500 0 0 0 0 0 0 0 0 0 325 0 0 0 0 0 0 0 0 0 500 0 0 0 0 0 0 0 0 0 500 0 0 0 0 0 0 0 0 0 500 0 0 0 0 0 0 0 0 0 500 0 0 0 0 0 0 0 0 0 500 0 0 0 0 0 0 0 0 0 275 0 0 0 0 0 0 0 0 0 100 0 0 0 0 0 0 0 0 0 500 0 0 0 0 0 0 0 0 0 500 0 0 0 0 0 0 0 0 0 500 0 0 0 0 0 0 0 0 0 500 0 0 0 0 0 0 0 0 0 500 0 0 0 0 0 0 0 0 0 500 0 0 0 0 0 0 0 0 0 500 0 0 0 0 0 0 0 0 0 75 0 0 0 0 0 0 0 0 0 275 0 0 0 0 0 0 0 0 0 
500 0 0 0 0 0 0 0 0 0 500 0 0 0 0 0 0 0 0 0 500 0 0 0 0 0 0 0 0 0 290 0 0 0 0 0 0 0 0 0 500 0 0 0 0 0 0 0 0 0 500 0 0 0 0 0 0 0 0 0 500 0 0 0 0 0 0 0 0 0 500 0 0 0 0 0 0 0 0 0 500 0 0 0 0 0 0 0 0 0 230 0 0 0 0 0 0 0 0 0 90 0 0 0 0 0 0 0 0 0 500 0 0 0 0 0 0 0 0 0 500 0 0 0 0 0 0 0 0 0 500 0 0 0 0 0 0 0 0 0 500 0 0 0 0 0 0 0 0 0 500 0 0 0 0 0 0 0 0 0 500 0 0 0 0 0 0 0 0 0 500 0 0 0 0 0 0 0 0 0 80 0 0 0 0 0 0 0 0 0 320 0 0 0 0 0 0 0 0 0 
500 0 0 0 0 0 0 0 0 0 500 0 0 0 0 0 0 0 0 0 500 0 0 0 0 0 0 0 0 0 255 0 0 0 0 0 0 0 0 0 500 0 0 0 0 0 0 0 0 0 500 0 0 0 0 0 0 0 0 0 500 0 0 0 0 0 0 0 0 0 500 0 0 0 0 0 0 0 0 0 500 0 0 0 0 0 0 0 0 0 185 0 0 0 0 0 0 0 0 0 80 0 0 0 0 0 0 0 0 0 500 0 0 0 0 0 0 0 0 0 500 0 0 0 0 0 0 0 0 0 500 0 0 0 0 0 0 0 0 0 500 0 0 0 0 0 0 0 0 0 500 0 0 0 0 0 0 0 0 0 500 0 0 0 0 0 0 0 0 0 500 0 0 0 0 0 0 0 0 0 85 0 0 0 0 0 0 0 0 0 365 0 0 0 0 0 0 0 0 0 
500 0 0 0 0 0 0 0 0 0 500 0 0 0 0 0 0 0 0 0 500 0 0 0 0 0 0 0 0 0 220 0 0 0 0 0 0 0 0 0 500 0 0 0 0 0 0 0 0 0 500 0 0 0 0 0 0 0 0 0 500 0 0 0 0 0 0 0 0 0 500 0 0 0 0 0 0 0 0 0 500 0 0 0 0 0 0 0 0 0 140 0 0 0 0 0 0 0 0 0 70 0 0 0 0 0 0 0 0 0 500 0 0 0 0 0 0 0 0 0 500 0 0 0 0 0 0 0 0 0 500 0 0 0 0 0 0 0 0 0 500 0 0 0 0 0 0 0 0 0 500 0 0 0 0 0 0 0 0 0 500 0 0 0 0 0 0 0 0 0 500 0 0 0 0 0 0 0 0 0 90 0 0 0 0 0 0 0 0 0 410 0 0 0 0 0 0 0 0 0 
500 0 0 0 0 0 0 0 0 0 500 0 0 0 0 0 0 0 0 0 500 0 0 0 0 0 0 0 0 0 185 0 0 0 0 0 0 0 0 0 500 0 0 0 0 0 0 0 0 0 500 0 0 0 0 0 0 0 0 0 500 0 0 0 0 0 0 0 0 0 500 0 0 0 0 0 0 0 0 0 500 0 0 0 0 0 0 0 0 0 95 0 0 0 0 0 0 0 0 0 60 0 0 0 0 0 0 0 0 0 500 0 0 0 0 0 0 0 0 0 500 0 0 0 0 0 0 0 0 0 500 0 0 0 0 0 0 0 0 0 500 0 0 0 0 0 0 0 0 0 500 0 0 0 0 0 0 0 0 0 500 0 0 0 0 0 0 0 0 0 500 0 0 0 0 0 0 0 0 0 95 0 0 0 0 0 0 0 0 0 455 0 0 0 0 0 0 0 0 0 
500 500 500 500 500 500 500 500 500 500 500 500 500 500 500 500 500 500 500 500 500 465 430 395 360 325 290 255 220 185 150 185 220 255 290 325 360 395 430 465 500 500 500 500 500 500 500 500 500 500 500 500 500 500 500 500 500 500 500 500 500 500 500 500 500 500 500 500 500 500 500 500 500 500 500 500 500 500 500 500 500 455 410 365 320 275 230 185 140 95 50 50 50 50 50 50 50 50 50 50 50 95 140 185 230 275 320 365 410 455 500 500 500 500 500 500 500 500 500 500 500 500 500 500 500 500 500 500 500 500 500 500 500 500 500 500 500 500 500 500 500 500 500 500 500 500 500 500 500 500 500 500 500 500 500 500 500 500 500 500 500 500 500 500 500 500 500 500 500 500 500 460 420 380 340 300 260 220 180 140 100 140 180 220 260 300 340 380 420 460 500 500 500 500 500 500 500 500 500 500 
500 0 0 0 0 0 0 0 0 0 500 0 0 0 0 0 0 0 0 0 460 0 0 0 0 0 0 0 0 0 140 0 0 0 0 0 0 0 0 0 465 0 0 0 0 0 0 0 0 0 500 0 0 0 0 0 0 0 0 0 460 0 0 0 0 0 0 0 0 0 455 0 0 0 0 0 0 0 0 0 455 0 0 0 0 0 0 0 0 0 50 0 0 0 0 0 0 0 0 0 55 0 0 0 0 0 0 0 0 0 500 0 0 0 0 0 0 0 0 0 500 0 0 0 0 0 0 0 0 0 460 0 0 0 0 0 0 0 0 0 500 0 0 0 0 0 0 0 0 0 500 0 0 0 0 0 0 0 0 0 500 0 0 0 0 0 0 0 0 0 500 0 0 0 0 0 0 0 0 0 140 0 0 0 0 0 0 0 0 0 500 0 0 0 0 0 0 0 0 0 
500 0 0 0 0 0 0 0 0 0 500 0 0 0 0 0 0 0 0 0 420 0 0 0 0 0 0 0 0 0 130 0 0 0 0 0 0 0 0 0 430 0 0 0 0 0 0 0 0 0 500 0 0 0 0 0 0 0 0 0 420 0 0 0 0 0 0 0 0 0 410 0 0 0 0 0 0 0 0 0 410 0 0 0 0 0 0 0 0 0 50 0 0 0 0 0 0 0 0 0 60 0 0 0 0 0 0 0 0 0 500 0 0 0 0 0 0 0 0 0 500 0 0 0 0 0 0 0 0 0 420 0 0 0 0 0 0 0 0 0 500 0 0 0 0 0 0 0 0 0 500 0 0 0 0 0 0 0 0 0 500 0 0 0 0 0 0 0 0 0 500 0 0 0 0 0 0 0 0 0 180 0 0 0 0 0 0 0 0 0 500 0 0 0 0 0 0 0 0 0 
500 0 0 0 0 0 0 0 0 0 500 0 0 0 0 0 0 0 0 0 380 0 0 0 0 0 0 0 0 0 120 0 0 0 0 0 0 0 0 0 395 0 0 0 0 0 0 0 0 0 500 0 0 0 0 0 0 0 0 0 380 0 0 0 0 0 0 0 0 0 365 0 0 0 0 0 0 0 0 0 365 0 0 0 0 0 0 0 0 0 50 0 0 0 0 0 0 0 0 0 65 0 0 0 0 0 0 0 0 0 500 0 0 0 0 0 0 0 0 0 500 0 0 0 0 0 0 0 0 0 380 0 0 0 0 0 0 0 0 0 500 0 0 0 0 0 0 0 0 0 500 0 0 0 0 0 0 0 0 0 500 0 0 0 0 0 0 0 0 0 500 0 0 0 0 0 0 0 0 0 220 0 0 0 0 0 0 0 0 0 500 0 0 0 0 0 0 0 0 0 
500 0 0 0 0 0 0 0 0 0 500 0 0 0 0 0 0 0 0 0 340 0 0 0 0 0 0 0 0 0 110 0 0 0 0 0 0 0 0 0 360 0 0 0 0 0 0 0 0 0 500 0 0 0 0 0 0 0 0 0 340 0 0 0 0 0 0 0 0 0 320 0 0 0 0 0 0 0 0 0 320 0 0 0 0 0 0 0 0 0 50 0 0 0 0 0 0 0 0 0 70 0 0 0 0 0 0 0 0 0 500 0 0 0 0 0 0 0 0 0 500 0 0 0 0 0 0 0 0 0 340 0 0 0 0 0 0 0 0 0 500 0 0 0 0 0 0 0 0 0 500 0 0 0 0 0 0 0 0 0 500 0 0 0 0 0 0 0 0 0 500 0 0 0 0 0 0 0 0 0 260 0 0 0 0 0 0 0 0 0 500 0 0 0 0 0 0 0 0 0 
500 0 0 0 0 0 0 0 0 0 500 0 0 0 0 0 0 0 0 0 300 0 0 0 0 0 0 0 0 0 100 0 0 0 0 0 0 0 0 0 325 0 0 0 0 0 0 0 0 0 500 0 0 0 0 0 0 0 0 0 300 0 0 0 0 0 0 0 0 0 275 0 0 0 0 0 0 0 0 0 275 0 0 0 0 0 0 0 0 0 50 0 0 0 0 0 0 0 0 0 75 0 0 0 0 0 0 0 0 0 500 0 0 0 0 0 0 0 0 0 500 0 0 0 0 0 0 0 0 0 300 0 0 0 0 0 0 0 0 0 500 0 0 0 0 0 0 0 0 0 500 0 0 0 0 0 0 0 0 0 500 0 0 0 0 0 0 0 0 0 500 0 0 0 0 0 0 0 0 0 300 0 0 0 0 0 0 0 0 0 500 0 0 0 0 0 0 0 0 0 
500 0 0 0 0 0 0 0 0 0 500 0 0 0 0 0 0 0 0 0 260 0 0 0 0 0 0 0 0 0 90 0 0 0 0 0 0 0 0 0 290 0 0 0 0 0 0 0 0 0 500 0 0 0 0 0 0 0 0 0 260 0 0 0 0 0 0 0 0 0 230 0 0 0 0 0 0 0 0 0 230 0 0 0 0 0 0 0 0 0 50 0 0 0 0 0 0 0 0 0 80 0 0 0 0 0 0 0 0 0 500 0 0 0 0 0 0 0 0 0 500 0 0 0 0 0 0 0 0 0 260 0 0 0 0 0 0 0 0 0 500 0 0 0 0 0 0 0 0 0 500 0 0 0 0 0 0 0 0 0 500 0 0 0 0 0 0 0 0 0 500 0 0 0 0 0 0 0 0 0 340 0 0 0 0 0 0 0 0 0 500 0 0 0 0 0 0 0 0 0 
500 0 0 0 0 0 0 0 0 0 500 0 0 0 0 0 0 0 0 0 220 0 0 0 0 0 0 0 0 0 80 0 0 0 0 0 0 0 0 0 255 0 0 0 0 0 0 0 0 0 500 0 0 0 0 0 0 0 0 0 220 0 0 0 0 0 0 0 0 0 185 0 0 0 0 0 0 0 0 0 185 0 0 0 0 0 0 0 0 0 50 0 0 0 0 0 0 0 0 0 85 0 0 0 0 0 0 0 0 0 500 0 0 0 0 0 0 0 0 0 500 0 0 0 0 0 0 0 0 0 220 0 0 0 0 0 0 0 0 0 500 0 0 0 0 0 0 0 0 0 500 0 0 0 0 0 0 0 0 0 500 0 0 0 0 0 0 0 0 0 500 0 0 0 0 0 0 0 0 0 380 0 0 0 0 0 0 0 0 0 500 0 0 0 0 0 0 0 0 0 
500 0 0 0 0 0 0 0 0 0 500 0 0 0 0 0 0 0 0 0 180 0 0 0 0 0 0 0 0 0 70 0 0 0 0 0 0 0 0 0 220 0 0 0 0 0 0 0 0 0 500 0 0 0 0 0 0 0 0 0 180 0 0 0 0 0 0 0 0 0 140 0 0 0 0 0 0 0 0 0 140 0 0 0 0 0 0 0 0 0 50 0 0 0 0 0 0 0 0 0 90 0 0 0 0 0 0 0 0 0 500 0 0 0 0 0 0 0 0 0 500 0 0 0 0 0 0 0 0 0 180 0 0 0 0 0 0 0 0 0 500 0 0 0 0 0 0 0 0 0 500 0 0 0 0 0 0 0 0 0 500 0 0 0 0 0 0 0 0 0 500 0 0 0 0 0 0 0 0 0 420 0 0 0 0 0 0 0 0 0 500 0 0 0 0 0 0 0 0 0 
500 0 0 0 0 0 0 0 0 0 500 0 0 0 0 0 0 0 0 0 140 0 0 0 0 0 0 0 0 0 60 0 0 0 0 0 0 0 0 0 185 0 0 0 0 0 0 0 0 0 500 0 0 0 0 0 0 0 0 0 140 0 0 0 0 0 0 0 0 0 95 0 0 0 0 0 0 0 0 0 95 0 0 0 0 0 0 0 0 0 50 0 0 0 0 0 0 0 0 0 95 0 0 0 0 0 0 0 0 0 500 0 0 0 0 0 0 0 0 0 500 0 0 0 0 0 0 0 0 0 140 0 0 0 0 0 0 0 0 0 500 0 0 0 0 0 0 0 0 0 500 0 0 0 0 0 0 0 0 0 500 0 0 0 0 0 0 0 0 0 500 0 0 0 0 0 0 0 0 0 460 0 0 0 0 0 0 0 0 0 500 0 0 0 0 0 0 0 0 0 
500 500 500 500 500 500 500 500 500 500 500 460 420 380 340 300 260 220 180 140 100 95 90 85 80 75 70 65 60 55 50 60 70 80 90 100 110 120 130 140 150 185 220 255 290 325 360 395 430 465 500 460 420 380 340 300 260 220 180 140 100 95 90 85 80 75 70 65 60 55 50 50 50 50 50 50 50 50 50 50 50 50 50 50 50 50 50 50 50 50 50 55 60 65 70 75 80 85 90 95 100 140 180 220 260 300 340 380 420 460 500 500 500 500 500 500 500 500 500 500 500 460 420 380 340 300 260 220 180 140 100 140 180 220 260 300 340 380 420 460 500 500 500 500 500 500 500 500 500 500 500 500 500 500 500 500 500 500 500 500 500 500 500 500 500 500 500 500 500 500 500 500 500 500 500 500 500 500 500 500 500 500 500 500 500 500 500 500 500 500 500 500 500 500 500 500 500 500 500 500 
500 0 0 0 0 0 0 0 0 0 500 0 0 0 0 0 0 0 0 0 140 0 0 0 0 0 0 0 0 0 50 0 0 0 0 0 0 0 0 0 185 0 0 0 0 0 0 0 0 0 500 0 0 0 0 0 0 0 0 0 105 0 0 0 0 0 0 0 0 0 50 0 0 0 0 0 0 0 0 0 55 0 0 0 0 0 0 0 0 0 55 0 0 0 0 0 0 0 0 0 140 0 0 0 0 0 0 0 0 0 500 0 0 0 0 0 0 0 0 0 500 0 0 0 0 0 0 0 0 0 140 0 0 0 0 0 0 0 0 0 500 0 0 0 0 0 0 0 0 0 455 0 0 0 0 0 0 0 0 0 465 0 0 0 0 0 0 0 0 0 500 0 0 0 0 0 0 0 0 0 500 0 0 0 0 0 0 0 0 0 500 0 0 0 0 0 0 0 0 0 
500 0 0 0 0 0 0 0 0 0 500 0 0 0 0 0 0 0 0 0 180 0 0 0 0 0 0 0 0 0 50 0 0 0 0 0 0 0 0 0 220 0 0 0 0 0 0 0 0 0 500 0 0 0 0 0 0 0 0 0 110 0 0 0 0 0 0 0 0 0 50 0 0 0 0 0 0 0 0 0 60 0 0 0 0 0 0 0 0 0 60 0 0 0 0 0 0 0 0 0 180 0 0 0 0 0 0 0 0 0 500 0 0 0 0 0 0 0 0 0 500 0 0 0 0 0 0 0 0 0 180 0 0 0 0 0 0 0 0 0 500 0 0 0 0 0 0 0 0 0 410 0 0 0 0 0 0 0 0 0 430 0 0 0 0 0 0 0 0 0 500 0 0 0 0 0 0 0 0 0 500 0 0 0 0 0 0 0 0 0 500 0 0 0 0 0 0 0 0 0 
500 0 0 0 0 0 0 0 0 0 500 0 0 0 0 0 0 0 0 0 220 0 0 0 0 0 0 0 0 0 50 0 0 0 0 0 0 0 0 0 255 0 0 0 0 0 0 0 0 0 500 0 0 0 0 0 0 0 0 0 115 0 0 0 0 0 0 0 0 0 50 0 0 0 0 0 0 0 0 0 65 0 0 0 0 0 0 0 0 0 65 0 0 0 0 0 0 0 0 0 220 0 0 0 0 0 0 0 0 0 500 0 0 0 0 0 0 0 0 0 500 0 0 0 0 0 0 0 0 0 220 0 0 0 0 0 0 0 0 0 500 0 0 0 0 0 0 0 0 0 365 0 0 0 0 0 0 0 0 0 395 0 0 0 0 0 0 0 0 0 500 0 0 0 0 0 0 0 0 0 500 0 0 0 0 0 0 0 0 0 500 0 0 0 0 0 0 0 0 0 
500 0 0 0 0 0 0 0 0 0 500 0 0 0 0 0 0 0 0 0 260 0 0 0 0 0 0 0 0 0 50 0 0 0 0 0 0 0 0 0 290 0 0 0 0 0 0 0 0 0 500 0 0 0 0 0 0 0 0 0 120 0 0 0 0 0 0 0 0 0 50 0 0 0 0 0 0 0 0 0 70 0 0 0 0 0 0 0 0 0 70 0 0 0 0 0 0 0 0 0 260 0 0 0 0 0 0 0 0 0 500 0 0 0 0 0 0 0 0 0 500 0 0 0 0 0 0 0 0 0 260 0 0 0 0 0 0 0 0 0 500 0 0 0 0 0 0 0 0 0 320 0 0 0 0 0 0 0 0 0 360 0 0 0 0 0 0 0 0 0 500 0 0 0 0 0 0 0 0 0 500 0 0 0 0 0 0 0 0 0 500 0 0 0 0 0 0 0 0 0 
500 0 0 0 0 0 0 0 0 0 500 0 0 0 0 0 0 0 0 0 300 0 0 0 0 0 0 0 0 0 50 0 0 0 0 0 0 0 0 0 325 0 0 0 0 0 0 0 0 0 500 0 0 0 0 0 0 0 0 0 125 0 0 0 0 0 0 0 0 0 50 0 0 0 0 0 0 0 0 0 75 0 0 0 0 0 0 0 0 0 75 0 0 0 0 0 0 0 0 0 300 0 0 0 0 0 0 0 0 0 500 0 0 0 0 0 0 0 0 0 500 0 0 0 0 0 0 0 0 0 300 0 0 0 0 0 0 0 0 0 500 0 0 0 0 0 0 0 0 0 275 0 0 0 0 0 0 0 0 0 325 0 0 0 0 0 0 0 0 0 500 0 0 0 0 0 0 0 0 0 500 0 0 0 0 0 0 0 0 0 500 0 0 0 0 0 0 0 0 0 
500 0 0 0 0 0 0 0 0 0 500 0 0 0 0 0 0 0 0 0 340 0 0 0 0 0 0 0 0 0 50 0 0 0 0 0 0 0 0 0 360 0 0 0 0 0 0 0 0 0 500 0 0 0 0 0 0 0 0 0 130 0 0 0 0 0 0 0 0 0 50 0 0 0 0 0 0 0 0 0 80 0 0 0 0 0 0 0 0 0 80 0 0 0 0 0 0 0 0 0 340 0 0 0 0 0 0 0 0 0 500 0 0 0 0 0 0 0 0 0 500 0 0 0 0 0 0 0 0 0 340 0 0 0 0 0 0 0 0 0 500 0 0 0 0 0 0 0 0 0 230 0 0 0 0 0 0 0 0 0 290 0 0 0 0 0 0 0 0 0 500 0 0 0 0 0 0 0 0 0 500 0 0 0 0 0 0 0 0 0 500 0 0 0 0 0 0 0 0 0 
500 0 0 0 0 0 0 0 0 0 500 0 0 0 0 0 0 0 0 0 380 0 0 0 0 0 0 0 0 0 50 0 0 0 0 0 0 0 0 0 395 0 0 0 0 0 0 0 0 0 500 0 0 0 0 0 0 0 0 0 135 0 0 0 0 0 0 0 0 0 50 0 0 0 0 0 0 0 0 0 85 0 0 0 0 0 0 0 0 0 85 0 0 0 0 0 0 0 0 0 380 0 0 0 0 0 0 0 0 0 500 0 0 0 0 0 0 0 0 0 500 0 0 0 0 0 0 0 0 0 380 0 0 0 0 0 0 0 0 0 500 0 0 0 0 0 0 0 0 0 185 0 0 0 0 0 0 0 0 0 255 0 0 0 0 0 0 0 0 0 500 0 0 0 0 0 0 0 0 0 500 0 0 0 0 0 0 0 0 0 500 0 0 0 0 0 0 0 0 0 
500 0 0 0 0 0 0 0 0 0 500 0 0 0 0 0 0 0 0 0 420 0 0 0 0 0 0 0 0 0 50 0 0 0 0 0 0 0 0 0 430 0 0 0 0 0 0 0 0 0 500 0 0 0 0 0 0 0 0 0 140 0 0 0 0 0 0 0 0 0 50 0 0 0 0 0 0 0 0 0 90 0 0 0 0 0 0 0 0 0 90 0 0 0 0 0 0 0 0 0 420 0 0 0 0 0 0 0 0 0 500 0 0 0 0 0 0 0 0 0 500 0 0 0 0 0 0 0 0 0 420 0 0 0 0 0 0 0 0 0 500 0 0 0 0 0 0 0 0 0 140 0 0 0 0 0 0 0 0 0 220 0 0 0 0 0 0 0 0 0 500 0 0 0 0 0 0 0 0 0 500 0 0 0 0 0 0 0 0 0 500 0 0 0 0 0 0 0 0 0 
500 0 0 0 0 0 0 0 0 0 500 0 0 0 0 0 0 0 0 0 460 0 0 0 0 0 0 0 0 0 50 0 0 0 0 0 0 0 0 0 465 0 0 0 0 0 0 0 0 0 500 0 0 0 0 0 0 0 0 0 145 0 0 0 0 0 0 0 0 0 50 0 0 0 0 0 0 0 0 0 95 0 0 0 0 0 0 0 0 0 95 0 0 0 0 0 0 0 0 0 460 0 0 0 0 0 0 0 0 0 500 0 0 0 0 0 0 0 0 0 500 0 0 0 0 0 0 0 0 0 460 0 0 0 0 0 0 0 0 0 500 0 0 0 0 0 0 0 0 0 95 0 0 0 0 0 0 0 0 0 185 0 0 0 0 0 0 0 0 0 500 0 0 0 0 0 0 0 0 0 500 0 0 0 0 0 0 0 0 0 500 0 0 0 0 0 0 0 0 0 
500 500 500 500 500 500 500 500 500 500 500 500 500 500 500 500 500 500 500 500 500 455 410 365 320 275 230 185 140 95 50 95 140 185 230 275 320 365 410 455 500 500 500 500 500 500 500 500 500 500 500 465 430 395 360 325 290 255 220 185 150 140 130 120 110 100 90 80 70 60 50 55 60 65 70 75 80 85 90 95 100 100 100 100 100 100 100 100 100 100 100 140 180 220 260 300 340 380 420 460 500 500 500 500 500 500 500 500 500 500 500 500 500 500 500 500 500 500 500 500 500 500 500 500 500 500 500 500 500 500 500 500 500 500 500 500 500 500 500 500 500 455 410 365 320 275 230 185 140 95 50 60 70 80 90 100 110 120 130 140 150 185 220 255 290 325 360 395 430 465 500 500 500 500 500 500 500 500 500 500 500 500 500 500 500 500 500 500 500 500 500 500 500 500 500 500 500 500 500 500 
465 0 0 0 0 0 0 0 0 0 500 0 0 0 0 0 0 0 0 0 500 0 0 0 0 0 0 0 0 0 95 0 0 0 0 0 0 0 0 0 500 0 0 0 0 0 0 0 0 0 500 0 0 0 0 0 0 0 0 0 140 0 0 0 0 0 0 0 0 0 50 0 0 0 0 0 0 0 0 0 140 0 0 0 0 0 0 0 0 0 140 0 0 0 0 0 0 0 0 0 465 0 0 0 0 0 0 0 0 0 500 0 0 0 0 0 0 0 0 0 500 0 0 0 0 0 0 0 0 0 500 0 0 0 0 0 0 0 0 0 460 0 0 0 0 0 0 0 0 0 50 0 0 0 0 0 0 0 0 0 185 0 0 0 0 0 0 0 0 0 500 0 0 0 0 0 0 0 0 0 500 0 0 0 0 0 0 0 0 0 500 0 0 0 0 0 0 0 0 0 
430 0 0 0 0 0 0 0 0 0 500 0 0 0 0 0 0 0 0 0 500 0 0 0 0 0 0 0 0 0 140 0 0 0 0 0 0 0 0 0 500 0 0 0 0 0 0 0 0 0 500 0 0 0 0 0 0 0 0 0 130 0 0 0 0 0 0 0 0 0 50 0 0 0 0 0 0 0 0 0 180 0 0 0 0 0 0 0 0 0 180 0 0 0 0 0 0 0 0 0 430 0 0 0 0 0 0 0 0 0 500 0 0 0 0 0 0 0 0 0 500 0 0 0 0 0 0 0 0 0 500 0 0 0 0 0 0 0 0 0 420 0 0 0 0 0 0 0 0 0 50 0 0 0 0 0 0 0 0 0 220 0 0 0 0 0 0 0 0 0 500 0 0 0 0 0 0 0 0 0 500 0 0 0 0 0 0 0 0 0 500 0 0 0 0 0 0 0 0 0 
395 0 0 0 0 0 0 0 0 0 500 0 0 0 0 0 0 0 0 0 500 0 0 0 0 0 0 0 0 0 185 0 0 0 0 0 0 0 0 0 500 0 0 0 0 0 0 0 0 0 500 0 0 0 0 0 0 0 0 0 120 0 0 0 0 0 0 0 0 0 50 0 0 0 0 0 0 0 0 0 220 0 0 0 0 0 0 0 0 0 220 0 0 0 0 0 0 0 0 0 395 0 0 0 0 0 0 0 0 0 500 0 0 0 0 0 0 0 0 0 500 0 0 0 0 0 0 0 0 0 500 0 0 0 0 0 0 0 0 0 380 0 0 0 0 0 0 0 0 0 50 0 0 0 0 0 0 0 0 0 255 0 0 0 0 0 0 0 0 0 500 0 0 0 0 0 0 0 0 0 500 0 0 0 0 0 0 0 0 0 500 0 0 0 0 0 0 0 0 0 
360 0 0 0 0 0 0 0 0 0 500 0 0 0 0 0 0 0 0 0 500 0 0 0 0 0 0 0 0 0 230 0 0 0 0 0 0 0 0 0 500 0 0 0 0 0 0 0 0 0 500 0 0 0 0 0 0 0 0 0 110 0 0 0 0 0 0 0 0 0 50 0 0 0 0 0 0 0 0 0 260 0 0 0 0 0 0 0 0 0 260 0 0 0 0 0 0 0 0 0 360 0 0 0 0 0 0 0 0 0 500 0 0 0 0 0 0 0 0 0 500 0 0 0 0 0 0 0 0 0 500 0 0 0 0 0 0 0 0 0 340 0 0 0 0 0 0 0 0 0 50 0 0 0 0 0 0 0 0 0 290 0 0 0 0 0 0 0 0 0 500 0 0 0 0 0 0 0 0 0 500 0 0 0 0 0 0 0 0 0 500 0 0 0 0 0 0 0 0 0 
325 0 0 0 0 0 0 0 0 0 500 0 0 0 0 0 0 0 0 0 500 0 0 0 0 0 0 0 0 0 275 0 0 0 0 0 0 0 0 0 500 0 0 0 0 0 0 0 0 0 500 0 0 0 0 0 0 0 0 0 100 0 0 0 0 0 0 0 0 0 50 0 0 0 0 0 0 0 0 0 300 0 0 0 0 0 0 0 0 0 300 0 0 0 0 0 0 0 0 0 325 0 0 0 0 0 0 0 0 0 500 0 0 0 0 0 0 0 0 0 500 0 0 0 0 0 0 0 0 0 500 0 0 0 0 0 0 0 0 0 300 0 0 0 0 0 0 0 0 0 50 0 0 0 0 0 0 0 0 0 325 0 0 0 0 0 0 0 0 0 500 0 0 0 0 0 0 0 0 0 500 0 0 0 0 0 0 0 0 0 500 0 0 0 0 0 0 0 0 0 
290 0 0 0 0 0 0 0 0 0 500 0 0 0 0 0 0 0 0 0 500 0 0 0 0 0 0 0 0 0 320 0 0 0 0 0 0 0 0 0 500 0 0 0 0 0 0 0 0 0 500 0 0 0 0 0 0 0 0 0 90 0 0 0 0 0 0 0 0 0 50 0 0 0 0 0 0 0 0 0 340 0 0 0 0 0 0 0 0 0 340 0 0 0 0 0 0 0 0 0 290 0 0 0 0 0 0 0 0 0 500 0 0 0 0 0 0 0 0 0 500 0 0 0 0 0 0 0 0 0 500 0 0 0 0 0 0 0 0 0 260 0 0 0 0 0 0 0 0 0 50 0 0 0 0 0 0 0 0 0 360 0 0 0 0 0 0 0 0 0 500 0 0 0 0 0 0 0 0 0 500 0 0 0 0 0 0 0 0 0 500 0 0 0 0 0 0 0 0 0 
255 0 0 0 0 0 0 0 0 0 500 0 0 0 0 0 0 0 0 0 500 0 0 0 0 0 0 0 0 0 365 0 0 0 0 0 0 0 0 0 500 0 0 0 0 0 0 0 0 0 500 0 0 0 0 0 0 0 0 0 80 0 0 0 0 0 0 0 0 0 50 0 0 0 0 0 0 0 0 0 380 0 0 0 0 0 0 0 0 0 380 0 0 0 0 0 0 0 0 0 255 0 0 0 0 0 0 0 0 0 500 0 0 0 0 0 0 0 0 0 500 0 0 0 0 0 0 0 0 0 500 0 0 0 0 0 0 0 0 0 220 0 0 0 0 0 0 0 0 0 50 0 0 0 0 0 0 0 0 0 395 0 0 0 0 0 0 0 0 0 500 0 0 0 0 0 0 0 0 0 500 0 0 0 0 0 0 0 0 0 500 0 0 0 0 0 0 0 0 0 
220 0 0 0 0 0 0 0 0 0 500 0 0 0 0 0 0 0 0 0 500 0 0 0 0 0 0 0 0 0 410 0 0 0 0 0 0 0 0 0 500 0 0 0 0 0 0 0 0 0 500 0 0 0 0 0 0 0 0 0 70 0 0 0 0 0 0 0 0 0 50 0 0 0 0 0 0 0 0 0 420 0 0 0 0 0 0 0 0 0 420 0 0 0 0 0 0 0 0 0 220 0 0 0 0 0 0 0 0 0 500 0 0 0 0 0 0 0 0 0 500 0 0 0 0 0 0 0 0 0 500 0 0 0 0 0 0 0 0 0 180 0 0 0 0 0 0 0 0 0 50 0 0 0 0 0 0 0 0 0 430 0 0 0 0 0 0 0 0 0 500 0 0 0 0 0 0 0 0 0 500 0 0 0 0 0 0 0 0 0 500 0 0 0 0 0 0 0 0 0 
185 0 0 0 0 0 0 0 0 0 500 0 0 0 0 0 0 0 0 0 500 0 0 0 0 0 0 0 0 0 455 0 0 0 0 0 0 0 0 0 500 0 0 0 0 0 0 0 0 0 500 0 0 0 0 0 0 0 0 0 60 0 0 0 0 0 0 0 0 0 50 0 0 0 0 0 0 0 0 0 460 0 0 0 0 0 0 0 0 0 460 0 0 0 0 0 0 0 0 0 185 0 0 0 0 0 0 0 0 0 500 0 0 0 0 0 0 0 0 0 500 0 0 0 0 0 0 0 0 0 500 0 0 0 0 0 0 0 0 0 140 0 0 0 0 0 0 0 0 0 50 0 0 0 0 0 0 0 0 0 465 0 0 0 0 0 0 0 0 0 500 0 0 0 0 0 0 0 0 0 500 0 0 0 0 0 0 0 0 0 500 0 0 0 0 0 0 0 0 0 
150 185 220 255 290 325 360 395 430 465 500 500 500 500 500 500 500 500 500 500 500 500 500 500 500 500 500 500 500 500 500 500 500 500 500 500 500 500 500 500 500 500 500 500 500 500 500 500 500 500 500 455 410 365 320 275 230 185 140 95 50 50 50 50 50 50 50 50 50 50 50 95 140 185 230 275 320 365 410 455 500 500 500 500 500 500 500 500 500 500 500 465 430 395 360 325 290 255 220 185 150 185 220 255 290 325 360 395 430 465 500 500 500 500 500 500 500 500 500 500 500 500 500 500 500 500 500 500 500 500 500 460 420 380 340 300 260 220 180 140 100 95 90 85 80 75 70 65 60 55 50 95 140 185 230 275 320 365 410 455 500 500 500 500 500 500 500 500 500 500 500 500 500 500 500 500 500 500 500 500 500 500 500 500 500 500 500 500 500 500 500 500 500 500 500 500 500 500 500 500 
185 0 0 0 0 0 0 0 0 0 500 0 0 0 0 0 0 0 0 0 500 0 0 0 0 0 0 0 0 0 500 0 0 0 0 0 0 0 0 0 500 0 0 0 0 0 0 0 0 0 500 0 0 0 0 0 0 0 0 0 50 0 0 0 0 0 0 0 0 0 95 0 0 0 0 0 0 0 0 0 500 0 0 0 0 0 0 0 0 0 500 0 0 0 0 0 0 0 0 0 140 0 0 0 0 0 0 0 0 0 455 0 0 0 0 0 0 0 0 0 500 0 0 0 0 0 0 0 0 0 455 0 0 0 0 0 0 0 0 0 95 0 0 0 0 0 0 0 0 0 50 0 0 0 0 0 0 0 0 0 500 0 0 0 0 0 0 0 0 0 500 0 0 0 0 0 0 0 0 0 500 0 0 0 0 0 0 0 0 0 500 0 0 0 0 0 0 0 0 0 
220 0 0 0 0 0 0 0 0 0 500 0 0 0 0 0 0 0 0 0 500 0 0 0 0 0 0 0 0 0 500 0 0 0 0 0 0 0 0 0 500 0 0 0 0 0 0 0 0 0 500 0 0 0 0 0 0 0 0 0 50 0 0 0 0 0 0 0 0 0 140 0 0 0 0 0 0 0 0 0 500 0 0 0 0 0 0 0 0 0 500 0 0 0 0 0 0 0 0 0 130 0 0 0 0 0 0 0 0 0 410 0 0 0 0 0 0 0 0 0 500 0 0 0 0 0 0 0 0 0 410 0 0 0 0 0 0 0 0 0 90 0 0 0 0 0 0 0 0 0 50 0 0 0 0 0 0 0 0 0 500 0 0 0 0 0 0 0 0 0 500 0 0 0 0 0 0 0 0 0 500 0 0 0 0 0 0 0 0 0 500 0 0 0 0 0 0 0 0 0 
255 0 0 0 0 0 0 0 0 0 500 0 0 0 0 0 0 0 0 0 500 0 0 0 0 0 0 0 0 0 500 0 0 0 0 0 0 0 0 0 500 0 0 0 0 0 0 0 0 0 500 0 0 0 0 0 0 0 0 0 50 0 0 0 0 0 0 0 0 0 185 0 0 0 0 0 0 0 0 0 500 0 0 0 0 0 0 0 0 0 500 0 0 0 0 0 0 0 0 0 120 0 0 0 0 0 0 0 0 0 365 0 0 0 0 0 0 0 0 0 500 0 0 0 0 0 0 0 0 0 365 0 0 0 0 0 0 0 0 0 85 0 0 0 0 0 0 0 0 0 50 0 0 0 0 0 0 0 0 0 500 0 0 0 0 0 0 0 0 0 500 0 0 0 0 0 0 0 0 0 500 0 0 0 0 0 0 0 0 0 500 0 0 0 0 0 0 0 0 0 
290 0 0 0 0 0 0 0 0 0 500 0 0 0 0 0 0 0 0 0 500 0 0 0 0 0 0 0 0 0 500 0 0 0 0 0 0 0 0 0 500 0 0 0 0 0 0 0 0 0 500 0 0 0 0 0 0 0 0 0 50 0 0 0 0 0 0 0 0 0 230 0 0 0 0 0 0 0 0 0 500 0 0 0 0 0 0 0 0 0 500 0 0 0 0 0 0 0 0 0 110 0 0 0 0 0 0 0 0 0 320 0 0 0 0 0 0 0 0 0 500 0 0 0 0 0 0 0 0 0 320 0 0 0 0 0 0 0 0 0 80 0 0 0 0 0 0 0 0 0 50 0 0 0 0 0 0 0 0 0 500 0 0 0 0 0 0 0 0 0 500 0 0 0 0 0 0 0 0 0 500 0 0 0 0 0 0 0 0 0 500 0 0 0 0 0 0 0 0 0 
325 0 0 0 0 0 0 0 0 0 500 0 0 0 0 0 0 0 0 0 500 0 0 0 0 0 0 0 0 0 500 0 0 0 0 0 0 0 0 0 500 0 0 0 0 0 0 0 0 0 500 0 0 0 0 0 0 0 0 0 50 0 0 0 0 0 0 0 0 0 275 0 0 0 0 0 0 0 0 0 500 0 0 0 0 0 0 0 0 0 500 0 0 0 0 0 0 0 0 0 100 0 0 0 0 0 0 0 0 0 275 0 0 0 0 0 0 0 0 0 500 0 0 0 0 0 0 0 0 0 275 0 0 0 0 0 0 0 0 0 75 0 0 0 0 0 0 0 0 0 50 0 0 0 0 0 0 0 0 0 500 0 0 0 0 0 0 0 0 0 500 0 0 0 0 0 0 0 0 0 500 0 0 0 0 0 0 0 0 0 500 0 0 0 0 0 0 0 0 0 
360 0 0 0 0 0 0 0 0 0 500 0 0 0 0 0 0 0 0 0 500 0 0 0 0 0 0 0 0 0 500 0 0 0 0 0 0 0 0 0 500 0 0 0 0 0 0 0 0 0 500 0 0 0 0 0 0 0 0 0 50 0 0 0 0 0 0 0 0 0 320 0 0 0 0 0 0 0 0 0 500 0 0 0 0 0 0 0 0 0 500 0 0 0 0 0 0 0 0 0 90 0 0 0 0 0 0 0 0 0 230 0 0 0 0 0 0 0 0 0 500 0 0 0 0 0 0 0 0 0 230 0 0 0 0 0 0 0 0 0 70 0 0 0 0 0 0 0 0 0 50 0 0 0 0 0 0 0 0 0 500 0 0 0 0 0 0 0 0 0 500 0 0 0 0 0 0 0 0 0 500 0 0 0 0 0 0 0 0 0 500 0 0 0 0 0 0 0 0 0 
395 0 0 0 0 0 0 0 0 0 500 0 0 0 0 0 0 0 0 0 500 0 0 0 0 0 0 0 0 0 500 0 0 0 0 0 0 0 0 0 500 0 0 0 0 0 0 0 0 0 500 0 0 0 0 0 0 0 0 0 50 0 0 0 0 0 0 0 0 0 365 0 0 0 0 0 0 0 0 0 500 0 0 0 0 0 0 0 0 0 500 0 0 0 0 0 0 0 0 0 80 0 0 0 0 0 0 0 0 0 185 0 0 0 0 0 0 0 0 0 500 0 0 0 0 0 0 0 0 0 185 0 0 0 0 0 0 0 0 0 65 0 0 0 0 0 0 0 0 0 50 0 0 0 0 0 0 0 0 0 500 0 0 0 0 0 0 0 0 0 500 0 0 0 0 0 0 0 0 0 500 0 0 0 0 0 0 0 0 0 500 0 0 0 0 0 0 0 0 0 
430 0 0 0 0 0 0 0 0 0 500 0 0 0 0 0 0 0 0 0 500 0 0 0 0 0 0 0 0 0 500 0 0 0 0 0 0 0 0 0 500 0 0 0 0 0 0 0 0 0 500 0 0 0 0 0 0 0 0 0 50 0 0 0 0 0 0 0 0 0 410 0 0 0 0 0 0 0 0 0 500 0 0 0 0 0 0 0 0 0 500 0 0 0 0 0 0 0 0 0 70 0 0 0 0 0 0 0 0 0 140 0 0 0 0 0 0 0 0 0 500 0 0 0 0 0 0 0 0 0 140 0 0 0 0 0 0 0 0 0 60 0 0 0 0 0 0 0 0 0 50 0 0 0 0 0 0 0 0 0 500 0 0 0 0 0 0 0 0 0 500 0 0 0 0 0 0 0 0 0 500 0 0 0 0 0 0 0 0 0 500 0 0 0 0 0 0 0 0 0 
465 0 0 0 0 0 0 0 0 0 500 0 0 0 0 0 0 0 0 0 500 0 0 0 0 0 0 0 0 0 500 0 0 0 0 0 0 0 0 0 500 0 0 0 0 0 0 0 0 0 500 0 0 0 0 0 0 0 0 0 50 0 0 0 0 0 0 0 0 0 455 0 0 0 0 0 0 0 0 0 500 0 0 0 0 0 0 0 0 0 500 0 0 0 0 0 0 0 0 0 60 0 0 0 0 0 0 0 0 0 95 0 0 0 0 0 0 0 0 0 500 0 0 0 0 0 0 0 0 0 95 0 0 0 0 0 0 0 0 0 55 0 0 0 0 0 0 0 0 0 50 0 0 0 0 0 0 0 0 0 500 0 0 0 0 0 0 0 0 0 500 0 0 0 0 0 0 0 0 0 500 0 0 0 0 0 0 0 0 0 500 0 0 0 0 0 0 0 0 0 
500 500 500 500 500 500 500 500 500 500 500 500 500 500 500 500 500 500 500 500 500 500 500 500 500 500 500 500 500 500 500 500 500 500 500 500 500 500 500 500 500 500 500 500 500 500 500 500 500 500 500 455 410 365 320 275 230 185 140 95 50 95 140 185 230 275 320 365 410 455 500 500 500 500 500 500 500 500 500 500 500 500 500 500 500 500 500 500 500 500 500 455 410 365 320 275 230 185 140 95 50 50 50 50 50 50 50 50 50 50 50 95 140 185 230 275 320 365 410 455 500 455 410 365 320 275 230 185 140 95 50 50 50 50 50 50 50 50 50 50 50 50 50 50 50 50 50 50 50 50 50 95 140 185 230 275 320 365 410 455 500 500 500 500 500 500 500 500 500 500 500 500 500 500 500 500 500 500 500 500 500 500 500 500 500 500 500 500 500 500 500 500 500 500 500 500 500 500 500 500 
500 0 0 0 0 0 0 0 0 0 500 0 0 0 0 0 0 0 0 0 500 0 0 0 0 0 0 0 0 0 500 0 0 0 0 0 0 0 0 0 500 0 0 0 0 0 0 0 0 0 500 0 0 0 0 0 0 0 0 0 95 0 0 0 0 0 0 0 0 0 465 0 0 0 0 0 0 0 0 0 500 0 0 0 0 0 0 0 0 0 500 0 0 0 0 0 0 0 0 0 95 0 0 0 0 0 0 0 0 0 95 0 0 0 0 0 0 0 0 0 500 0 0 0 0 0 0 0 0 0 95 0 0 0 0 0 0 0 0 0 50 0 0 0 0 0 0 0 0 0 50 0 0 0 0 0 0 0 0 0 500 0 0 0 0 0 0 0 0 0 500 0 0 0 0 0 0 0 0 0 500 0 0 0 0 0 0 0 0 0 500 0 0 0 0 0 0 0 0 0 
500 0 0 0 0 0 0 0 0 0 500 0 0 0 0 0 0 0 0 0 500 0 0 0 0 0 0 0 0 0 500 0 0 0 0 0 0 0 0 0 500 0 0 0 0 0 0 0 0 0 500 0 0 0 0 0 0 0 0 0 140 0 0 0 0 0 0 0 0 0 430 0 0 0 0 0 0 0 0 0 500 0 0 0 0 0 0 0 0 0 500 0 0 0 0 0 0 0 0 0 140 0 0 0 0 0 0 0 0 0 140 0 0 0 0 0 0 0 0 0 500 0 0 0 0 0 0 0 0 0 140 0 0 0 0 0 0 0 0 0 50 0 0 0 0 0 0 0 0 0 50 0 0 0 0 0 0 0 0 0 500 0 0 0 0 0 0 0 0 0 500 0 0 0 0 0 0 0 0 0 500 0 0 0 0 0 0 0 0 0 500 0 0 0 0 0 0 0 0 0 
500 0 0 0 0 0 0 0 0 0 500 0 0 0 0 0 0 0 0 0 500 0 0 0 0 0 0 0 0 0 500 0 0 0 0 0 0 0 0 0 500 0 0 0 0 0 0 0 0 0 500 0 0 0 0 0 0 0 0 0 185 0 0 0 0 0 0 0 0 0 395 0 0 0 0 0 0 0 0 0 500 0 0 0 0 0 0 0 0 0 500 0 0 0 0 0 0 0 0 0 185 0 0 0 0 0 0 0 0 0 185 0 0 0 0 0 0 0 0 0 500 0 0 0 0 0 0 0 0 0 185 0 0 0 0 0 0 0 0 0 50 0 0 0 0 0 0 0 0 0 50 0 0 0 0 0 0 0 0 0 500 0 0 0 0 0 0 0 0 0 500 0 0 0 0 0 0 0 0 0 500 0 0 0 0 0 0 0 0 0 500 0 0 0 0 0 0 0 0 0 
500 0 0 0 0 0 0 0 0 0 500 0 0 0 0 0 0 0 0 0 500 0 0 0 0 0 0 0 0 0 500 0 0 0 0 0 0 0 0 0 500 0 0 0 0 0 0 0 0 0 500 0 0 0 0 0 0 0 0 0 230 0 0 0 0 0 0 0 0 0 360 0 0 0 0 0 0 0 0 0 500 0 0 0 0 0 0 0 0 0 500 0 0 0 0 0 0 0 0 0 230 0 0 0 0 0 0 0 0 0 230 0 0 0 0 0 0 0 0 0 500 0 0 0 0 0 0 0 0 0 230 0 0 0 0 0 0 0 0 0 50 0 0 0 0 0 0 0 0 0 50 0 0 0 0 0 0 0 0 0 500 0 0 0 0 0 0 0 0 0 500 0 0 0 0 0 0 0 0 0 500 0 0 0 0 0 0 0 0 0 500 0 0 0 0 0 0 0 0 0 
500 0 0 0 0 0 0 0 0 0 500 0 0 0 0 0 0 0 0 0 500 0 0 0 0 0 0 0 0 0 500 0 0 0 0 0 0 0 0 0 500 0 0 0 0 0 0 0 0 0 500 0 0 0 0 0 0 0 0 0 275 0 0 0 0 0 0 0 0 0 325 0 0 0 0 0 0 0 0 0 500 0 0 0 0 0 0 0 0 0 500 0 0 0 0 0 0 0 0 0 275 0 0 0 0 0 0 0 0 0 275 0 0 0 0 0 0 0 0 0 500 0 0 0 0 0 0 0 0 0 275 0 0 0 0 0 0 0 0 0 50 0 0 0 0 0 0 0 0 0 50 0 0 0 0 0 0 0 0 0 500 0 0 0 0 0 0 0 0 0 500 0 0 0 0 0 0 0 0 0 500 0 0 0 0 0 0 0 0 0 500 0 0 0 0 0 0 0 0 0 
500 0 0 0 0 0 0 0 0 0 500 0 0 0 0 0 0 0 0 0 500 0 0 0 0 0 0 0 0 0 500 0 0 0 0 0 0 0 0 0 500 0 0 0 0 0 0 0 0 0 500 0 0 0 0 0 0 0 0 0 320 0 0 0 0 0 0 0 0 0 290 0 0 0 0 0 0 0 0 0 500 0 0 0 0 0 0 0 0 0 500 0 0 0 0 0 0 0 0 0 320 0 0 0 0 0 0 0 0 0 320 0 0 0 0 0 0 0 0 0 500 0 0 0 0 0 0 0 0 0 320 0 0 0 0 0 0 0 0 0 50 0 0 0 0 0 0 0 0 0 50 0 0 0 0 0 0 0 0 0 500 0 0 0 0 0 0 0 0 0 500 0 0 0 0 0 0 0 0 0 500 0 0 0 0 0 0 0 0 0 500 0 0 0 0 0 0 0 0 0 
500 0 0 0 0 0 0 0 0 0 500 0 0 0 0 0 0 0 0 0 500 0 0 0 0 0 0 0 0 0 500 0 0 0 0 0 0 0 0 0 500 0 0 0 0 0 0 0 0 0 500 0 0 0 0 0 0 0 0 0 365 0 0 0 0 0 0 0 0 0 255 0 0 0 0 0 0 0 0 0 500 0 0 0 0 0 0 0 0 0 500 0 0 0 0 0 0 0 0 0 365 0 0 0 0 0 0 0 0 0 365 0 0 0 0 0 0 0 0 0 500 0 0 0 0 0 0 0 0 0 365 0 0 0 0 0 0 0 0 0 50 0 0 0 0 0 0 0 0 0 50 0 0 0 0 0 0 0 0 0 500 0 0 0 0 0 0 0 0 0 500 0 0 0 0 0 0 0 0 0 500 0 0 0 0 0 0 0 0 0 500 0 0 0 0 0 0 0 0 0 
500 0 0 0 0 0 0 0 0 0 500 0 0 0 0 0 0 0 0 0 500 0 0 0 0 0 0 0 0 0 500 0 0 0 0 0 0 0 0 0 500 0 0 0 0 0 0 0 0 0 500 0 0 0 0 0 0 0 0 0 410 0 0 0 0 0 0 0 0 0 220 0 0 0 0 0 0 0 0 0 500 0 0 0 0 0 0 0 0 0 500 0 0 0 0 0 0 0 0 0 410 0 0 0 0 0 0 0 0 0 410 0 0 0 0 0 0 0 0 0 500 0 0 0 0 0 0 0 0 0 410 0 0 0 0 0 0 0 0 0 50 0 0 0 0 0 0 0 0 0 50 0 0 0 0 0 0 0 0 0 500 0 0 0 0 0 0 0 0 0 500 0 0 0 0 0 0 0 0 0 500 0 0 0 0 0 0 0 0 0 500 0 0 0 0 0 0 0 0 0 
500 0 0 0 0 0 0 0 0 0 500 0 0 0 0 0 0 0 0 0 500 0 0 0 0 0 0 0 0 0 500 0 0 0 0 0 0 0 0 0 500 0 0 0 0 0 0 0 0 0 500 0 0 0 0 0 0 0 0 0 455 0 0 0 0 0 0 0 0 0 185 0 0 0 0 0 0 0 0 0 500 0 0 0 0 0 0 0 0 0 500 0 0 0 0 0 0 0 0 0 455 0 0 0 0 0 0 0 0 0 455 0 0 0 0 0 0 0 0 0 500 0 0 0 0 0 0 0 0 0 455 0 0 0 0 0 0 0 0 0 50 0 0 0 0 0 0 0 0 0 50 0 0 0 0 0 0 0 0 0 500 0 0 0 0 0 0 0 0 0 500 0 0 0 0 0 0 0 0 0 500 0 0 0 0 0 0 0 0 0 500 0 0 0 0 0 0 0 0 0 
500 500 500 500 500 500 500 500 500 500 500 500 500 500 500 500 500 500 500 500 500 500 500 500 500 500 500 500 500 500 500 500 500 500 500 500 500 500 500 500 500 500 500 500 500 500 500 500 500 500 500 500 500 500 500 500 500 500 500 500 500 465 430 395 360 325 290 255 220 185 150 185 220 255 290 325 360 395 430 465 500 500 500 500 500 500 500 500 500 500 500 500 500 500 500 500 500 500 500 500 500 500 500 500 500 500 500 500 500 500 500 500 500 500 500 500 500 500 500 500 500 500 500 500 500 500 500 500 500 500 500 455 410 365 320 275 230 185 140 95 50 50 50 50 50 50 50 50 50 50 50 95 140 185 230 275 320 365 410 455 500 500 500 500 500 500 500 500 500 500 500 500 500 500 500 500 500 500 500 500 500 500 500 500 500 500 500 500 500 500 500 500 500 500 500 500 500 500 500 500 
460 0 0 0 0 0 0 0 0 0 500 0 0 0 0 0 0 0 0 0 500 0 0 0 0 0 0 0 0 0 500 0 0 0 0 0 0 0 0 0 500 0 0 0 0 0 0 0 0 0 500 0 0 0 0 0 0 0 0 0 455 0 0 0 0 0 0 0 0 0 140 0 0 0 0 0 0 0 0 0 465 0 0 0 0 0 0 0 0 0 500 0 0 0 0 0 0 0 0 0 500 0 0 0 0 0 0 0 0 0 500 0 0 0 0 0 0 0 0 0 500 0 0 0 0 0 0 0 0 0 500 0 0 0 0 0 0 0 0 0 95 0 0 0 0 0 0 0 0 0 50 0 0 0 0 0 0 0 0 0 460 0 0 0 0 0 0 0 0 0 500 0 0 0 0 0 0 0 0 0 500 0 0 0 0 0 0 0 0 0 500 0 0 0 0 0 0 0 0 0 
420 0 0 0 0 0 0 0 0 0 500 0 0 0 0 0 0 0 0 0 500 0 0 0 0 0 0 0 0 0 500 0 0 0 0 0 0 0 0 0 500 0 0 0 0 0 0 0 0 0 500 0 0 0 0 0 0 0 0 0 410 0 0 0 0 0 0 0 0 0 130 0 0 0 0 0 0 0 0 0 430 0 0 0 0 0 0 0 0 0 500 0 0 0 0 0 0 0 0 0 500 0 0 0 0 0 0 0 0 0 500 0 0 0 0 0 0 0 0 0 500 0 0 0 0 0 0 0 0 0 500 0 0 0 0 0 0 0 0 0 140 0 0 0 0 0 0 0 0 0 50 0 0 0 0 0 0 0 0 0 420 0 0 0 0 0 0 0 0 0 500 0 0 0 0 0 0 0 0 0 500 0 0 0 0 0 0 0 0 0 500 0 0 0 0 0 0 0 0 0 
380 0 0 0 0 0 0 0 0 0 500 0 0 0 0 0 0 0 0 0 500 0 0 0 0 0 0 0 0 0 500 0 0 0 0 0 0 0 0 0 500 0 0 0 0 0 0 0 0 0 500 0 0 0 0 0 0 0 0 0 365 0 0 0 0 0 0 0 0 0 120 0 0 0 0 0 0 0 0 0 395 0 0 0 0 0 0 0 0 0 500 0 0 0 0 0 0 0 0 0 500 0 0 0 0 0 0 0 0 0 500 0 0 0 0 0 0 0 0 0 500 0 0 0 0 0 0 0 0 0 500 0 0 0 0 0 0 0 0 0 185 0 0 0 0 0 0 0 0 0 50 0 0 0 0 0 0 0 0 0 380 0 0 0 0 0 0 0 0 0 500 0 0 0 0 0 0 0 0 0 500 0 0 0 0 0 0 0 0 0 500 0 0 0 0 0 0 0 0 0 
340 0 0 0 0 0 0 0 0 0 500 0 0 0 0 0 0 0 0 0 500 0 0 0 0 0 0 0 0 0 500 0 0 0 0 0 0 0 0 0 500 0 0 0 0 0 0 0 0 0 500 0 0 0 0 0 0 0 0 0 320 0 0 0 0 0 0 0 0 0 110 0 0 0 0 0 0 0 0 0 360 0 0 0 0 0 0 0 0 0 500 0 0 0 0 0 0 0 0 0 500 0 0 0 0 0 0 0 0 0 500 0 0 0 0 0 0 0 0 0 500 0 0 0 0 0 0 0 0 0 500 0 0 0 0 0 0 0 0 0 230 0 0 0 0 0 0 0 0 0 50 0 0 0 0 0 0 0 0 0 340 0 0 0 0 0 0 0 0 0 500 0 0 0 0 0 0 0 0 0 500 0 0 0 0 0 0 0 0 0 500 0 0 0 0 0 0 0 0 0 
300 0 0 0 0 0 0 0 0 0 500 0 0 0 0 0 0 0 0 0 500 0 0 0 0 0 0 0 0 0 500 0 0 0 0 0 0 0 0 0 500 0 0 0 0 0 0 0 0 0 500 0 0 0 0 0 0 0 0 0 275 0 0 0 0 0 0 0 0 0 100 0 0 0 0 0 0 0 0 0 325 0 0 0 0 0 0 0 0 0 500 0 0 0 0 0 0 0 0 0 500 0 0 0 0 0 0 0 0 0 500 0 0 0 0 0 0 0 0 0 500 0 0 0 0 0 0 0 0 0 500 0 0 0 0 0 0 0 0 0 275 0 0 0 0 0 0 0 0 0 50 0 0 0 0 0 0 0 0 0 300 0 0 0 0 0 0 0 0 0 500 0 0 0 0 0 0 0 0 0 500 0 0 0 0 0 0 0 0 0 500 0 0 0 0 0 0 0 0 0 
260 0 0 0 0 0 0 0 0 0 500 0 0 0 0 0 0 0 0 0 500 0 0 0 0 0 0 0 0 0 500 0 0 0 0 0 0 0 0 0 500 0 0 0 0 0 0 0 0 0 500 0 0 0 0 0 0 0 0 0 230 0 0 0 0 0 0 0 0 0 90 0 0 0 0 0 0 0 0 0 290 0 0 0 0 0 0 0 0 0 500 0 0 0 0 0 0 0 0 0 500 0 0 0 0 0 0 0 0 0 500 0 0 0 0 0 0 0 0 0 500 0 0 0 0 0 0 0 0 0 500 0 0 0 0 0 0 0 0 0 320 0 0 0 0 0 0 0 0 0 50 0 0 0 0 0 0 0 0 0 260 0 0 0 0 0 0 0 0 0 500 0 0 0 0 0 0 0 0 0 500 0 0 0 0 0 0 0 0 0 500 0 0 0 0 0 0 0 0 0 
220 0 0 0 0 0 0 0 0 0 500 0 0 0 0 0 0 0 0 0 500 0 0 0 0 0 0 0 0 0 500 0 0 0 0 0 0 0 0 0 500 0 0 0 0 0 0 0 0 0 500 0 0 0 0 0 0 0 0 0 185 0 0 0 0 0 0 0 0 0 80 0 0 0 0 0 0 0 0 0 255 0 0 0 0 0 0 0 0 0 500 0 0 0 0 0 0 0 0 0 500 0 0 0 0 0 0 0 0 0 500 0 0 0 0 0 0 0 0 0 500 0 0 0 0 0 0 0 0 0 500 0 0 0 0 0 0 0 0 0 365 0 0 0 0 0 0 0 0 0 50 0 0 0 0 0 0 0 0 0 220 0 0 0 0 0 0 0 0 0 500 0 0 0 0 0 0 0 0 0 500 0 0 0 0 0 0 0 0 0 500 0 0 0 0 0 0 0 0 0 
180 0 0 0 0 0 0 0 0 0 500 0 0 0 0 0 0 0 0 0 500 0 0 0 0 0 0 0 0 0 500 0 0 0 0 0 0 0 0 0 500 0 0 0 0 0 0 0 0 0 500 0 0 0 0 0 0 0 0 0 140 0 0 0 0 0 0 0 0 0 70 0 0 0 0 0 0 0 0 0 220 0 0 0 0 0 0 0 0 0 500 0 0 0 0 0 0 0 0 0 500 0 0 0 0 0 0 0 0 0 500 0 0 0 0 0 0 0 0 0 500 0 0 0 0 0 0 0 0 0 500 0 0 0 0 0 0 0 0 0 410 0 0 0 0 0 0 0 0 0 50 0 0 0 0 0 0 0 0 0 180 0 0 0 0 0 0 0 0 0 500 0 0 0 0 0 0 0 0 0 500 0 0 0 0 0 0 0 0 0 500 0 0 0 0 0 0 0 0 0 
140 0 0 0 0 0 0 0 0 0 500 0 0 0 0 0 0 0 0 0 500 0 0 0 0 0 0 0 0 0 500 0 0 0 0 0 0 0 0 0 500 0 0 0 0 0 0 0 0 0 500 0 0 0 0 0 0 0 0 0 95 0 0 0 0 0 0 0 0 0 60 0 0 0 0 0 0 0 0 0 185 0 0 0 0 0 0 0 0 0 500 0 0 0 0 0 0 0 0 0 500 0 0 0 0 0 0 0 0 0 500 0 0 0 0 0 0 0 0 0 500 0 0 0 0 0 0 0 0 0 500 0 0 0 0 0 0 0 0 0 455 0 0 0 0 0 0 0 0 0 50 0 0 0 0 0 0 0 0 0 140 0 0 0 0 0 0 0 0 0 500 0 0 0 0 0 0 0 0 0 500 0 0 0 0 0 0 0 0 0 500 0 0 0 0 0 0 0 0 0 
100 140 180 220 260 300 340 380 420 460 500 500 500 500 500 500 500 500 500 500 500 500 500 500 500 500 500 500 500 500 500 500 500 500 500 500 500 500 500 500 500 500 500 500 500 500 500 500 500 500 500 455 410 365 320 275 230 185 140 95 50 50 50 50 50 50 50 50 50 50 50 60 70 80 90 100 110 120 130 140 150 185 220 255 290 325 360 395 430 465 500 500 500 500 500 500 500 500 500 500 500 500 500 500 500 500 500 500 500 500 500 500 500 500 500 500 500 500 500 500 500 500 500 500 500 500 500 500 500 500 500 500 500 500 500 500 500 500 500 500 500 455 410 365 320 275 230 185 140 95 50 55 60 65 70 75 80 85 90 95 100 140 180 220 260 300 340 380 420 460 500 500 500 500 500 500 500 500 500 500 500 500 500 500 500 500 500 500 500 500 500 500 500 500 500 500 500 500 500 500 
95 0 0 0 0 0 0 0 0 0 500 0 0 0 0 0 0 0 0 0 500 0 0 0 0 0 0 0 0 0 500 0 0 0 0 0 0 0 0 0 500 0 0 0 0 0 0 0 0 0 500 0 0 0 0 0 0 0 0 0 95 0 0 0 0 0 0 0 0 0 95 0 0 0 0 0 0 0 0 0 185 0 0 0 0 0 0 0 0 0 500 0 0 0 0 0 0 0 0 0 500 0 0 0 0 0 0 0 0 0 500 0 0 0 0 0 0 0 0 0 500 0 0 0 0 0 0 0 0 0 500 0 0 0 0 0 0 0 0 0 500 0 0 0 0 0 0 0 0 0 55 0 0 0 0 0 0 0 0 0 95 0 0 0 0 0 0 0 0 0 455 0 0 0 0 0 0 0 0 0 500 0 0 0 0 0 0 0 0 0 500 0 0 0 0 0 0 0 0 0 
90 0 0 0 0 0 0 0 0 0 500 0 0 0 0 0 0 0 0 0 500 0 0 0 0 0 0 0 0 0 500 0 0 0 0 0 0 0 0 0 500 0 0 0 0 0 0 0 0 0 500 0 0 0 0 0 0 0 0 0 140 0 0 0 0 0 0 0 0 0 140 0 0 0 0 0 0 0 0 0 220 0 0 0 0 0 0 0 0 0 500 0 0 0 0 0 0 0 0 0 500 0 0 0 0 0 0 0 0 0 500 0 0 0 0 0 0 0 0 0 500 0 0 0 0 0 0 0 0 0 500 0 0 0 0 0 0 0 0 0 500 0 0 0 0 0 0 0 0 0 60 0 0 0 0 0 0 0 0 0 90 0 0 0 0 0 0 0 0 0 410 0 0 0 0 0 0 0 0 0 500 0 0 0 0 0 0 0 0 0 500 0 0 0 0 0 0 0 0 0 
85 0 0 0 0 0 0 0 0 0 500 0 0 0 0 0 0 0 0 0 500 0 0 0 0 0 0 0 0 0 500 0 0 0 0 0 0 0 0 0 500 0 0 0 0 0 0 0 0 0 500 0 0 0 0 0 0 0 0 0 185 0 0 0 0 0 0 0 0 0 185 0 0 0 0 0 0 0 0 0 255 0 0 0 0 0 0 0 0 0 500 0 0 0 0 0 0 0 0 0 500 0 0 0 0 0 0 0 0 0 500 0 0 0 0 0 0 0 0 0 500 0 0 0 0 0 0 0 0 0 500 0 0 0 0 0 0 0 0 0 500 0 0 0 0 0 0 0 0 0 65 0 0 0 0 0 0 0 0 0 85 0 0 0 0 0 0 0 0 0 365 0 0 0 0 0 0 0 0 0 500 0 0 0 0 0 0 0 0 0 500 0 0 0 0 0 0 0 0 0 
80 0 0 0 0 0 0 0 0 0 500 0 0 0 0 0 0 0 0 0 500 0 0 0 0 0 0 0 0 0 500 0 0 0 0 0 0 0 0 0 500 0 0 0 0 0 0 0 0 0 500 0 0 0 0 0 0 0 0 0 230 0 0 0 0 0 0 0 0 0 230 0 0 0 0 0 0 0 0 0 290 0 0 0 0 0 0 0 0 0 500 0 0 0 0 0 0 0 0 0 500 0 0 0 0 0 0 0 0 0 500 0 0 0 0 0 0 0 0 0 500 0 0 0 0 0 0 0 0 0 500 0 0 0 0 0 0 0 0 0 500 0 0 0 0 0 0 0 0 0 70 0 0 0 0 0 0 0 0 0 80 0 0 0 0 0 0 0 0 0 320 0 0 0 0 0 0 0 0 0 500 0 0 0 0 0 0 0 0 0 500 0 0 0 0 0 0 0 0 0 
75 0 0 0 0 0 0 0 0 0 500 0 0 0 0 0 0 0 0 0 500 0 0 0 0 0 0 0 0 0 500 0 0 0 0 0 0 0 0 0 500 0 0 0 0 0 0 0 0 0 500 0 0 0 0 0 0 0 0 0 275 0 0 0 0 0 0 0 0 0 275 0 0 0 0 0 0 0 0 0 325 0 0 0 0 0 0 0 0 0 500 0 0 0 0 0 0 0 0 0 500 0 0 0 0 0 0 0 0 0 500 0 0 0 0 0 0 0 0 0 500 0 0 0 0 0 0 0 0 0 500 0 0 0 0 0 0 0 0 0 500 0 0 0 0 0 0 0 0 0 75 0 0 0 0 0 0 0 0 0 75 0 0 0 0 0 0 0 0 0 275 0 0 0 0 0 0 0 0 0 500 0 0 0 0 0 0 0 0 0 500 0 0 0 0 0 0 0 0 0 
70 0 0 0 0 0 0 0 0 0 500 0 0 0 0 0 0 0 0 0 500 0 0 0 0 0 0 0 0 0 500 0 0 0 0 0 0 0 0 0 500 0 0 0 0 0 0 0 0 0 500 0 0 0 0 0 0 0 0 0 320 0 0 0 0 0 0 0 0 0 320 0 0 0 0 0 0 0 0 0 360 0 0 0 0 0 0 0 0 0 500 0 0 0 0 0 0 0 0 0 500 0 0 0 0 0 0 0 0 0 500 0 0 0 0 0 0 0 0 0 500 0 0 0 0 0 0 0 0 0 500 0 0 0 0 0 0 0 0 0 500 0 0 0 0 0 0 0 0 0 80 0 0 0 0 0 0 0 0 0 70 0 0 0 0 0 0 0 0 0 230 0 0 0 0 0 0 0 0 0 500 0 0 0 0 0 0 0 0 0 500 0 0 0 0 0 0 0 0 0 
65 0 0 0 0 0 0 0 0 0 500 0 0 0 0 0 0 0 0 0 500 0 0 0 0 0 0 0 0 0 500 0 0 0 0 0 0 0 0 0 500 0 0 0 0 0 0 0 0 0 500 0 0 0 0 0 0 0 0 0 365 0 0 0 0 0 0 0 0 0 365 0 0 0 0 0 0 0 0 0 395 0 0 0 0 0 0 0 0 0 500 0 0 0 0 0 0 0 0 0 500 0 0 0 0 0 0 0 0 0 500 0 0 0 0 0 0 0 0 0 500 0 0 0 0 0 0 0 0 0 500 0 0 0 0 0 0 0 0 0 500 0 0 0 0 0 0 0 0 0 85 0 0 0 0 0 0 0 0 0 65 0 0 0 0 0 0 0 0 0 185 0 0 0 0 0 0 0 0 0 500 0 0 0 0 0 0 0 0 0 500 0 0 0 0 0 0 0 0 0 
60 0 0 0 0 0 0 0 0 0 500 0 0 0 0 0 0 0 0 0 500 0 0 0 0 0 0 0 0 0 500 0 0 0 0 0 0 0 0 0 500 0 0 0 0 0 0 0 0 0 500 0 0 0 0 0 0 0 0 0 410 0 0 0 0 0 0 0 0 0 410 0 0 0 0 0 0 0 0 0 430 0 0 0 0 0 0 0 0 0 500 0 0 0 0 0 0 0 0 0 500 0 0 0 0 0 0 0 0 0 500 0 0 0 0 0 0 0 0 0 500 0 0 0 0 0 0 0 0 0 500 0 0 0 0 0 0 0 0 0 500 0 0 0 0 0 0 0 0 0 90 0 0 0 0 0 0 0 0 0 60 0 0 0 0 0 0 0 0 0 140 0 0 0 0 0 0 0 0 0 500 0 0 0 0 0 0 0 0 0 500 0 0 0 0 0 0 0 0 0 
55 0 0 0 0 0 0 0 0 0 500 0 0 0 0 0 0 0 0 0 500 0 0 0 0 0 0 0 0 0 500 0 0 0 0 0 0 0 0 0 500 0 0 0 0 0 0 0 0 0 500 0 0 0 0 0 0 0 0 0 455 0 0 0 0 0 0 0 0 0 455 0 0 0 0 0 0 0 0 0 465 0 0 0 0 0 0 0 0 0 500 0 0 0 0 0 0 0 0 0 500 0 0 0 0 0 0 0 0 0 500 0 0 0 0 0 0 0 0 0 500 0 0 0 0 0 0 0 0 0 500 0 0 0 0 0 0 0 0 0 500 0 0 0 0 0 0 0 0 0 95 0 0 0 0 0 0 0 0 0 55 0 0 0 0 0 0 0 0 0 95 0 0 0 0 0 0 0 0 0 500 0 0 0 0 0 0 0 0 0 500 0 0 0 0 0 0 0 0 0 
50 95 140 185 230 275 320 365 410 455 500 500 500 500 500 500 500 500 500 500 500 500 500 500 500 500 500 500 500 500 500 500 500 500 500 500 500 500 500 500 500 500 500 500 500 500 500 500 500 500 500 500 500 500 500 500 500 500 500 500 500 500 500 500 500 500 500 500 500 500 500 500 500 500 500 500 500 500 500 500 500 500 500 500 500 500 500 500 500 500 500 500 500 500 500 500 500 500 500 500 500 500 500 500 500 500 500 500 500 500 500 500 500 500 500 500 500 500 500 500 500 500 500 500 500 500 500 500 500 500 500 500 500 500 500 500 500 500 500 500 500 460 420 380 340 300 260 220 180 140 100 95 90 85 80 75 70 65 60 55 50 50 50 50 50 50 50 50 50 50 50 95 140 185 230 275 320 365 410 455 500 500 500 500 500 500 500 500 500 500 500 500 500 500 500 500 500 500 500 500 
95 0 0 0 0 0 0 0 0 0 500 0 0 0 0 0 0 0 0 0 500 0 0 0 0 0 0 0 0 0 500 0 0 0 0 0 0 0 0 0 455 0 0 0 0 0 0 0 0 0 500 0 0 0 0 0 0 0 0 0 500 0 0 0 0 0 0 0 0 0 500 0 0 0 0 0 0 0 0 0 500 0 0 0 0 0 0 0 0 0 500 0 0 0 0 0 0 0 0 0 500 0 0 0 0 0 0 0 0 0 465 0 0 0 0 0 0 0 0 0 455 0 0 0 0 0 0 0 0 0 465 0 0 0 0 0 0 0 0 0 500 0 0 0 0 0 0 0 0 0 140 0 0 0 0 0 0 0 0 0 95 0 0 0 0 0 0 0 0 0 55 0 0 0 0 0 0 0 0 0 460 0 0 0 0 0 0 0 0 0 500 0 0 0 0 0 0 0 0 0 
140 0 0 0 0 0 0 0 0 0 500 0 0 0 0 0 0 0 0 0 500 0 0 0 0 0 0 0 0 0 500 0 0 0 0 0 0 0 0 0 410 0 0 0 0 0 0 0 0 0 500 0 0 0 0 0 0 0 0 0 500 0 0 0 0 0 0 0 0 0 500 0 0 0 0 0 0 0 0 0 500 0 0 0 0 0 0 0 0 0 500 0 0 0 0 0 0 0 0 0 500 0 0 0 0 0 0 0 0 0 430 0 0 0 0 0 0 0 0 0 410 0 0 0 0 0 0 0 0 0 430 0 0 0 0 0 0 0 0 0 500 0 0 0 0 0 0 0 0 0 180 0 0 0 0 0 0 0 0 0 140 0 0 0 0 0 0 0 0 0 60 0 0 0 0 0 0 0 0 0 420 0 0 0 0 0 0 0 0 0 500 0 0 0 0 0 0 0 0 0 
185 0 0 0 0 0 0 0 0 0 500 0 0 0 0 0 0 0 0 0 500 0 0 0 0 0 0 0 0 0 500 0 0 0 0 0 0 0 0 0 365 0 0 0 0 0 0 0 0 0 500 0 0 0 0 0 0 0 0 0 500 0 0 0 0 0 0 0 0 0 500 0 0 0 0 0 0 0 0 0 500 0 0 0 0 0 0 0 0 0 500 0 0 0 0 0 0 0 0 0 500 0 0 0 0 0 0 0 0 0 395 0 0 0 0 0 0 0 0 0 365 0 0 0 0 0 0 0 0 0 395 0 0 0 0 0 0 0 0 0 500 0 0 0 0 0 0 0 0 0 220 0 0 0 0 0 0 0 0 0 185 0 0 0 0 0 0 0 0 0 65 0 0 0 0 0 0 0 0 0 380 0 0 0 0 0 0 0 0 0 500 0 0 0 0 0 0 0 0 0 
230 0 0 0 0 0 0 0 0 0 500 0 0 0 0 0 0 0 0 0 500 0 0 0 0 0 0 0 0 0 500 0 0 0 0 0 0 0 0 0 320 0 0 0 0 0 0 0 0 0 500 0 0 0 0 0 0 0 0 0 500 0 0 0 0 0 0 0 0 0 500 0 0 0 0 0 0 0 0 0 500 0 0 0 0 0 0 0 0 0 500 0 0 0 0 0 0 0 0 0 500 0 0 0 0 0 0 0 0 0 360 0 0 0 0 0 0 0 0 0 320 0 0 0 0 0 0 0 0 0 360 0 0 0 0 0 0 0 0 0 500 0 0 0 0 0 0 0 0 0 260 0 0 0 0 0 0 0 0 0 230 0 0 0 0 0 0 0 0 0 70 0 0 0 0 0 0 0 0 0 340 0 0 0 0 0 0 0 0 0 500 0 0 0 0 0 0 0 0 0 
275 0 0 0 0 0 0 0 0 0 500 0 0 0 0 0 0 0 0 0 500 0 0 0 0 0 0 0 0 0 500 0 0 0 0 0 0 0 0 0 275 0 0 0 0 0 0 0 0 0 500 0 0 0 0 0 0 0 0 0 500 0 0 0 0 0 0 0 0 0 500 0 0 0 0 0 0 0 0 0 500 0 0 0 0 0 0 0 0 0 500 0 0 0 0 0 0 0 0 0 500 0 0 0 0 0 0 0 0 0 325 0 0 0 0 0 0 0 0 0 275 0 0 0 0 0 0 0 0 0 325 0 0 0 0 0 0 0 0 0 500 0 0 0 0 0 0 0 0 0 300 0 0 0 0 0 0 0 0 0 275 0 0 0 0 0 0 0 0 0 75 0 0 0 0 0 0 0 0 0 300 0 0 0 0 0 0 0 0 0 500 0 0 0 0 0 0 0 0 0 
320 0 0 0 0 0 0 0 0 0 500 0 0 0 0 0 0 0 0 0 500 0 0 0 0 0 0 0 0 0 500 0 0 0 0 0 0 0 0 0 230 0 0 0 0 0 0 0 0 0 500 0 0 0 0 0 0 0 0 0 500 0 0 0 0 0 0 0 0 0 500 0 0 0 0 0 0 0 0 0 500 0 0 0 0 0 0 0 0 0 500 0 0 0 0 0 0 0 0 0 500 0 0 0 0 0 0 0 0 0 290 0 0 0 0 0 0 0 0 0 230 0 0 0 0 0 0 0 0 0 290 0 0 0 0 0 0 0 0 0 500 0 0 0 0 0 0 0 0 0 340 0 0 0 0 0 0 0 0 0 320 0 0 0 0 0 0 0 0 0 80 0 0 0 0 0 0 0 0 0 260 0 0 0 0 0 0 0 0 0 500 0 0 0 0 0 0 0 0 0 
365 0 0 0 0 0 0 0 0 0 500 0 0 0 0 0 0 0 0 0 500 0 0 0 0 0 0 0 0 0 500 0 0 0 0 0 0 0 0 0 185 0 0 0 0 0 0 0 0 0 500 0 0 0 0 0 0 0 0 0 500 0 0 0 0 0 0 0 0 0 500 0 0 0 0 0 0 0 0 0 500 0 0 0 0 0 0 0 0 0 500 0 0 0 0 0 0 0 0 0 500 0 0 0 0 0 0 0 0 0 255 0 0 0 0 0 0 0 0 0 185 0 0 0 0 0 0 0 0 0 255 0 0 0 0 0 0 0 0 0 500 0 0 0 0 0 0 0 0 0 380 0 0 0 0 0 0 0 0 0 365 0 0 0 0 0 0 0 0 0 85 0 0 0 0 0 0 0 0 0 220 0 0 0 0 0 0 0 0 0 500 0 0 0 0 0 0 0 0 0 
410 0 0 0 0 0 0 0 0 0 500 0 0 0 0 0 0 0 0 0 500 0 0 0 0 0 0 0 0 0 500 0 0 0 0 0 0 0 0 0 140 0 0 0 0 0 0 0 0 0 500 0 0 0 0 0 0 0 0 0 500 0 0 0 0 0 0 0 0 0 500 0 0 0 0 0 0 0 0 0 500 0 0 0 0 0 0 0 0 0 500 0 0 0 0 0 0 0 0 0 500 0 0 0 0 0 0 0 0 0 220 0 0 0 0 0 0 0 0 0 140 0 0 0 0 0 0 0 0 0 220 0 0 0 0 0 0 0 0 0 500 0 0 0 0 0 0 0 0 0 420 0 0 0 0 0 0 0 0 0 410 0 0 0 0 0 0 0 0 0 90 0 0 0 0 0 0 0 0 0 180 0 0 0 0 0 0 0 0 0 500 0 0 0 0 0 0 0 0 0 
455 0 0 0 0 0 0 0 0 0 500 0 0 0 0 0 0 0 0 0 500 0 0 0 0 0 0 0 0 0 500 0 0 0 0 0 0 0 0 0 95 0 0 0 0 0 0 0 0 0 500 0 0 0 0 0 0 0 0 0 500 0 0 0 0 0 0 0 0 0 500 0 0 0 0 0 0 0 0 0 500 0 0 0 0 0 0 0 0 0 500 0 0 0 0 0 0 0 0 0 500 0 0 0 0 0 0 0 0 0 185 0 0 0 0 0 0 0 0 0 95 0 0 0 0 0 0 0 0 0 185 0 0 0 0 0 0 0 0 0 500 0 0 0 0 0 0 0 0 0 460 0 0 0 0 0 0 0 0 0 455 0 0 0 0 0 0 0 0 0 95 0 0 0 0 0 0 0 0 0 140 0 0 0 0 0 0 0 0 0 500 0 0 0 0 0 0 0 0 0 
500 500 500 500 500 500 500 500 500 500 500 500 500 500 500 500 500 500 500 500 500 500 500 500 500 500 500 500 500 500 500 455 410 365 320 275 230 185 140 95 50 95 140 185 230 275 320 365 410 455 500 500 500 500 500 500 500 500 500 500 500 500 500 500 500 500 500 500 500 500 500 500 500 500 500 500 500 500 500 500 500 500 500 500 500 500 500 500 500 500 500 500 500 500 500 500 500 500 500 500 500 465 430 395 360 325 290 255 220 185 150 140 130 120 110 100 90 80 70 60 50 60 70 80 90 100 110 120 130 140 150 185 220 255 290 325 360 395 430 465 500 500 500 500 500 500 500 500 500 500 500 500 500 500 500 500 500 500 500 500 500 460 420 380 340 300 260 220 180 140 100 100 100 100 100 100 100 100 100 100 100 140 180 220 260 300 340 380 420 460 500 500 500 500 500 500 500 500 500 500 
500 0 0 0 0 0 0 0 0 0 500 0 0 0 0 0 0 0 0 0 500 0 0 0 0 0 0 0 0 0 460 0 0 0 0 0 0 0 0 0 50 0 0 0 0 0 0 0 0 0 455 0 0 0 0 0 0 0 0 0 500 0 0 0 0 0 0 0 0 0 500 0 0 0 0 0 0 0 0 0 500 0 0 0 0 0 0 0 0 0 500 0 0 0 0 0 0 0 0 0 500 0 0 0 0 0 0 0 0 0 185 0 0 0 0 0 0 0 0 0 95 0 0 0 0 0 0 0 0 0 185 0 0 0 0 0 0 0 0 0 500 0 0 0 0 0 0 0 0 0 500 0 0 0 0 0 0 0 0 0 500 0 0 0 0 0 0 0 0 0 140 0 0 0 0 0 0 0 0 0 95 0 0 0 0 0 0 0 0 0 460 0 0 0 0 0 0 0 0 0 
500 0 0 0 0 0 0 0 0 0 500 0 0 0 0 0 0 0 0 0 500 0 0 0 0 0 0 0 0 0 420 0 0 0 0 0 0 0 0 0 50 0 0 0 0 0 0 0 0 0 410 0 0 0 0 0 0 0 0 0 500 0 0 0 0 0 0 0 0 0 500 0 0 0 0 0 0 0 0 0 500 0 0 0 0 0 0 0 0 0 500 0 0 0 0 0 0 0 0 0 500 0 0 0 0 0 0 0 0 0 220 0 0 0 0 0 0 0 0 0 140 0 0 0 0 0 0 0 0 0 220 0 0 0 0 0 0 0 0 0 500 0 0 0 0 0 0 0 0 0 500 0 0 0 0 0 0 0 0 0 500 0 0 0 0 0 0 0 0 0 180 0 0 0 0 0 0 0 0 0 90 0 0 0 0 0 0 0 0 0 420 0 0 0 0 0 0 0 0 0 
500 0 0 0 0 0 0 0 0 0 500 0 0 0 0 0 0 0 0 0 500 0 0 0 0 0 0 0 0 0 380 0 0 0 0 0 0 0 0 0 50 0 0 0 0 0 0 0 0 0 365 0 0 0 0 0 0 0 0 0 500 0 0 0 0 0 0 0 0 0 500 0 0 0 0 0 0 0 0 0 500 0 0 0 0 0 0 0 0 0 500 0 0 0 0 0 0 0 0 0 500 0 0 0 0 0 0 0 0 0 255 0 0 0 0 0 0 0 0 0 185 0 0 0 0 0 0 0 0 0 255 0 0 0 0 0 0 0 0 0 500 0 0 0 0 0 0 0 0 0 500 0 0 0 0 0 0 0 0 0 500 0 0 0 0 0 0 0 0 0 220 0 0 0 0 0 0 0 0 0 85 0 0 0 0 0 0 0 0 0 380 0 0 0 0 0 0 0 0 0 
500 0 0 0 0 0 0 0 0 0 500 0 0 0 0 0 0 0 0 0 500 0 0 0 0 0 0 0 0 0 340 0 0 0 0 0 0 0 0 0 50 0 0 0 0 0 0 0 0 0 320 0 0 0 0 0 0 0 0 0 500 0 0 0 0 0 0 0 0 0 500 0 0 0 0 0 0 0 0 0 500 0 0 0 0 0 0 0 0 0 500 0 0 0 0 0 0 0 0 0 500 0 0 0 0 0 0 0 0 0 290 0 0 0 0 0 0 0 0 0 230 0 0 0 0 0 0 0 0 0 290 0 0 0 0 0 0 0 0 0 500 0 0 0 0 0 0 0 0 0 500 0 0 0 0 0 0 0 0 0 500 0 0 0 0 0 0 0 0 0 260 0 0 0 0 0 0 0 0 0 80 0 0 0 0 0 0 0 0 0 340 0 0 0 0 0 0 0 0 0 
500 0 0 0 0 0 0 0 0 0 500 0 0 0 0 0 0 0 0 0 500 0 0 0 0 0 0 0 0 0 300 0 0 0 0 0 0 0 0 0 50 0 0 0 0 0 0 0 0 0 275 0 0 0 0 0 0 0 0 0 500 0 0 0 0 0 0 0 0 0 500 0 0 0 0 0 0 0 0 0 500 0 0 0 0 0 0 0 0 0 500 0 0 0 0 0 0 0 0 0 500 0 0 0 0 0 0 0 0 0 325 0 0 0 0 0 0 0 0 0 275 0 0 0 0 0 0 0 0 0 325 0 0 0 0 0 0 0 0 0 500 0 0 0 0 0 0 0 0 0 500 0 0 0 0 0 0 0 0 0 500 0 0 0 0 0 0 0 0 0 300 0 0 0 0 0 0 0 0 0 75 0 0 0 0 0 0 0 0 0 300 0 0 0 0 0 0 0 0 0 
500 0 0 0 0 0 0 0 0 0 500 0 0 0 0 0 0 0 0 0 500 0 0 0 0 0 0 0 0 0 260 0 0 0 0 0 0 0 0 0 50 0 0 0 0 0 0 0 0 0 230 0 0 0 0 0 0 0 0 0 500 0 0 0 0 0 0 0 0 0 500 0 0 0 0 0 0 0 0 0 500 0 0 0 0 0 0 0 0 0 500 0 0 0 0 0 0 0 0 0 500 0 0 0 0 0 0 0 0 0 360 0 0 0 0 0 0 0 0 0 320 0 0 0 0 0 0 0 0 0 360 0 0 0 0 0 0 0 0 0 500 0 0 0 0 0 0 0 0 0 500 0 0 0 0 0 0 0 0 0 500 0 0 0 0 0 0 0 0 0 340 0 0 0 0 0 0 0 0 0 70 0 0 0 0 0 0 0 0 0 260 0 0 0 0 0 0 0 0 0 
500 0 0 0 0 0 0 0 0 0 500 0 0 0 0 0 0 0 0 0 500 0 0 0 0 0 0 0 0 0 220 0 0 0 0 0 0 0 0 0 50 0 0 0 0 0 0 0 0 0 185 0 0 0 0 0 0 0 0 0 500 0 0 0 0 0 0 0 0 0 500 0 0 0 0 0 0 0 0 0 500 0 0 0 0 0 0 0 0 0 500 0 0 0 0 0 0 0 0 0 500 0 0 0 0 0 0 0 0 0 395 0 0 0 0 0 0 0 0 0 365 0 0 0 0 0 0 0 0 0 395 0 0 0 0 0 0 0 0 0 500 0 0 0 0 0 0 0 0 0 500 0 0 0 0 0 0 0 0 0 500 0 0 0 0 0 0 0 0 0 380 0 0 0 0 0 0 0 0 0 65 0 0 0 0 0 0 0 0 0 220 0 0 0 0 0 0 0 0 0 
500 0 0 0 0 0 0 0 0 0 500 0 0 0 0 0 0 0 0 0 500 0 0 0 0 0 0 0 0 0 180 0 0 0 0 0 0 0 0 0 50 0 0 0 0 0 0 0 0 0 140 0 0 0 0 0 0 0 0 0 500 0 0 0 0 0 0 0 0 0 500 0 0 0 0 0 0 0 0 0 500 0 0 0 0 0 0 0 0 0 500 0 0 0 0 0 0 0 0 0 500 0 0 0 0 0 0 0 0 0 430 0 0 0 0 0 0 0 0 0 410 0 0 0 0 0 0 0 0 0 430 0 0 0 0 0 0 0 0 0 500 0 0 0 0 0 0 0 0 0 500 0 0 0 0 0 0 0 0 0 500 0 0 0 0 0 0 0 0 0 420 0 0 0 0 0 0 0 0 0 60 0 0 0 0 0 0 0 0 0 180 0 0 0 0 0 0 0 0 0 
500 0 0 0 0 0 0 0 0 0 500 0 0 0 0 0 0 0 0 0 500 0 0 0 0 0 0 0 0 0 140 0 0 0 0 0 0 0 0 0 50 0 0 0 0 0 0 0 0 0 95 0 0 0 0 0 0 0 0 0 500 0 0 0 0 0 0 0 0 0 500 0 0 0 0 0 0 0 0 0 500 0 0 0 0 0 0 0 0 0 500 0 0 0 0 0 0 0 0 0 500 0 0 0 0 0 0 0 0 0 465 0 0 0 0 0 0 0 0 0 455 0 0 0 0 0 0 0 0 0 465 0 0 0 0 0 0 0 0 0 500 0 0 0 0 0 0 0 0 0 500 0 0 0 0 0 0 0 0 0 500 0 0 0 0 0 0 0 0 0 460 0 0 0 0 0 0 0 0 0 55 0 0 0 0 0 0 0 0 0 140 0 0 0 0 0 0 0 0 0 
500 500 500 500 500 500 500 500 500 500 500 500 500 500 500 500 500 500 500 500 500 460 420 380 340 300 260 220 180 140 100 95 90 85 80 75 70 65 60 55 50 50 50 50 50 50 50 50 50 50 50 95 140 185 230 275 320 365 410 455 500 500 500 500 500 500 500 500 500 500 500 500 500 500 500 500 500 500 500 500 500 500 500 500 500 500 500 500 500 500 500 500 500 500 500 500 500 500 500 500 500 500 500 500 500 500 500 500 500 500 500 500 500 500 500 500 500 500 500 500 500 500 500 500 500 500 500 500 500 500 500 500 500 500 500 500 500 500 500 500 500 500 500 500 500 500 500 500 500 500 500 500 500 500 500 500 500 500 500 500 500 500 500 500 500 500 500 500 500 500 500 455 410 365 320 275 230 185 140 95 50 55 60 65 70 75 80 85 90 95 100 100 100 100 100 100 100 100 100 100 
500 0 0 0 0 0 0 0 0 0 500 0 0 0 0 0 0 0 0 0 500 0 0 0 0 0 0 0 0 0 140 0 0 0 0 0 0 0 0 0 50 0 0 0 0 0 0 0 0 0 50 0 0 0 0 0 0 0 0 0 500 0 0 0 0 0 0 0 0 0 500 0 0 0 0 0 0 0 0 0 500 0 0 0 0 0 0 0 0 0 500 0 0 0 0 0 0 0 0 0 500 0 0 0 0 0 0 0 0 0 500 0 0 0 0 0 0 0 0 0 500 0 0 0 0 0 0 0 0 0 500 0 0 0 0 0 0 0 0 0 500 0 0 0 0 0 0 0 0 0 500 0 0 0 0 0 0 0 0 0 500 0 0 0 0 0 0 0 0 0 500 0 0 0 0 0 0 0 0 0 95 0 0 0 0 0 0 0 0 0 95 0 0 0 0 0 0 0 0 0 
500 0 0 0 0 0 0 0 0 0 500 0 0 0 0 0 0 0 0 0 500 0 0 0 0 0 0 0 0 0 180 0 0 0 0 0 0 0 0 0 50 0 0 0 0 0 0 0 0 0 50 0 0 0 0 0 0 0 0 0 500 0 0 0 0 0 0 0 0 0 500 0 0 0 0 0 0 0 0 0 500 0 0 0 0 0 0 0 0 0 500 0 0 0 0 0 0 0 0 0 500 0 0 0 0 0 0 0 0 0 500 0 0 0 0 0 0 0 0 0 500 0 0 0 0 0 0 0 0 0 500 0 0 0 0 0 0 0 0 0 500 0 0 0 0 0 0 0 0 0 500 0 0 0 0 0 0 0 0 0 500 0 0 0 0 0 0 0 0 0 500 0 0 0 0 0 0 0 0 0 140 0 0 0 0 0 0 0 0 0 90 0 0 0 0 0 0 0 0 0 
500 0 0 0 0 0 0 0 0 0 500 0 0 0 0 0 0 0 0 0 500 0 0 0 0 0 0 0 0 0 220 0 0 0 0 0 0 0 0 0 50 0 0 0 0 0 0 0 0 0 50 0 0 0 0 0 0 0 0 0 500 0 0 0 0 0 0 0 0 0 500 0 0 0 0 0 0 0 0 0 500 0 0 0 0 0 0 0 0 0 500 0 0 0 0 0 0 0 0 0 500 0 0 0 0 0 0 0 0 0 500 0 0 0 0 0 0 0 0 0 500 0 0 0 0 0 0 0 0 0 500 0 0 0 0 0 0 0 0 0 500 0 0 0 0 0 0 0 0 0 500 0 0 0 0 0 0 0 0 0 500 0 0 0 0 0 0 0 0 0 500 0 0 0 0 0 0 0 0 0 185 0 0 0 0 0 0 0 0 0 85 0 0 0 0 0 0 0 0 0 
500 0 0 0 0 0 0 0 0 0 500 0 0 0 0 0 0 0 0 0 500 0 0 0 0 0 0 0 0 0 260 0 0 0 0 0 0 0 0 0 50 0 0 0 0 0 0 0 0 0 50 0 0 0 0 0 0 0 0 0 500 0 0 0 0 0 0 0 0 0 500 0 0 0 0 0 0 0 0 0 500 0 0 0 0 0 0 0 0 0 500 0 0 0 0 0 0 0 0 0 500 0 0 0 0 0 0 0 0 0 500 0 0 0 0 0 0 0 0 0 500 0 0 0 0 0 0 0 0 0 500 0 0 0 0 0 0 0 0 0 500 0 0 0 0 0 0 0 0 0 500 0 0 0 0 0 0 0 0 0 500 0 0 0 0 0 0 0 0 0 500 0 0 0 0 0 0 0 0 0 230 0 0 0 0 0 0 0 0 0 80 0 0 0 0 0 0 0 0 0 
500 0 0 0 0 0 0 0 0 0 500 0 0 0 0 0 0 0 0 0 500 0 0 0 0 0 0 0 0 0 300 0 0 0 0 0 0 0 0 0 50 0 0 0 0 0 0 0 0 0 50 0 0 0 0 0 0 0 0 0 500 0 0 0 0 0 0 0 0 0 500 0 0 0 0 0 0 0 0 0 500 0 0 0 0 0 0 0 0 0 500 0 0 0 0 0 0 0 0 0 500 0 0 0 0 0 0 0 0 0 500 0 0 0 0 0 0 0 0 0 500 0 0 0 0 0 0 0 0 0 500 0 0 0 0 0 0 0 0 0 500 0 0 0 0 0 0 0 0 0 500 0 0 0 0 0 0 0 0 0 500 0 0 0 0 0 0 0 0 0 500 0 0 0 0 0 0 0 0 0 275 0 0 0 0 0 0 0 0 0 75 0 0 0 0 0 0 0 0 0 
500 0 0 0 0 0 0 0 0 0 500 0 0 0 0 0 0 0 0 0 500 0 0 0 0 0 0 0 0 0 340 0 0 0 0 0 0 0 0 0 50 0 0 0 0 0 0 0 0 0 50 0 0 0 0 0 0 0 0 0 500 0 0 0 0 0 0 0 0 0 500 0 0 0 0 0 0 0 0 0 500 0 0 0 0 0 0 0 0 0 500 0 0 0 0 0 0 0 0 0 500 0 0 0 0 0 0 0 0 0 500 0 0 0 0 0 0 0 0 0 500 0 0 0 0 0 0 0 0 0 500 0 0 0 0 0 0 0 0 0 500 0 0 0 0 0 0 0 0 0 500 0 0 0 0 0 0 0 0 0 500 0 0 0 0 0 0 0 0 0 500 0 0 0 0 0 0 0 0 0 320 0 0 0 0 0 0 0 0 0 70 0 0 0 0 0 0 0 0 0 
500 0 0 0 0 0 0 0 0 0 500 0 0 0 0 0 0 0 0 0 500 0 0 0 0 0 0 0 0 0 380 0 0 0 0 0 0 0 0 0 50 0 0 0 0 0 0 0 0 0 50 0 0 0 0 0 0 0 0 0 500 0 0 0 0 0 0 0 0 0 500 0 0 0 0 0 0 0 0 0 500 0 0 0 0 0 0 0 0 0 500 0 0 0 0 0 0 0 0 0 500 0 0 0 0 0 0 0 0 0 500 0 0 0 0 0 0 0 0 0 500 0 0 0 0 0 0 0 0 0 500 0 0 0 0 0 0 0 0 0 500 0 0 0 0 0 0 0 0 0 500 0 0 0 0 0 0 0 0 0 500 0 0 0 0 0 0 0 0 0 500 0 0 0 0 0 0 0 0 0 365 0 0 0 0 0 0 0 0 0 65 0 0 0 0 0 0 0 0 0 
500 0 0 0 0 0 0 0 0 0 500 0 0 0 0 0 0 0 0 0 500 0 0 0 0 0 0 0 0 0 420 0 0 0 0 0 0 0 0 0 50 0 0 0 0 0 0 0 0 0 50 0 0 0 0 0 0 0 0 0 500 0 0 0 0 0 0 0 0 0 500 0 0 0 0 0 0 0 0 0 500 0 0 0 0 0 0 0 0 0 500 0 0 0 0 0 0 0 0 0 500 0 0 0 0 0 0 0 0 0 500 0 0 0 0 0 0 0 0 0 500 0 0 0 0 0 0 0 0 0 500 0 0 0 0 0 0 0 0 0 500 0 0 0 0 0 0 0 0 0 500 0 0 0 0 0 0 0 0 0 500 0 0 0 0 0 0 0 0 0 500 0 0 0 0 0 0 0 0 0 410 0 0 0 0 0 0 0 0 0 60 0 0 0 0 0 0 0 0 0 
500 0 0 0 0 0 0 0 0 0 500 0 0 0 0 0 0 0 0 0 500 0 0 0 0 0 0 0 0 0 460 0 0 0 0 0 0 0 0 0 50 0 0 0 0 0 0 0 0 0 50 0 0 0 0 0 0 0 0 0 500 0 0 0 0 0 0 0 0 0 500 0 0 0 0 0 0 0 0 0 500 0 0 0 0 0 0 0 0 0 500 0 0 0 0 0 0 0 0 0 500 0 0 0 0 0 0 0 0 0 500 0 0 0 0 0 0 0 0 0 500 0 0 0 0 0 0 0 0 0 500 0 0 0 0 0 0 0 0 0 500 0 0 0 0 0 0 0 0 0 500 0 0 0 0 0 0 0 0 0 500 0 0 0 0 0 0 0 0 0 500 0 0 0 0 0 0 0 0 0 455 0 0 0 0 0 0 0 0 0 55 0 0 0 0 0 0 0 0 0 
500 500 500 500 500 500 500 500 500 500 500 500 500 500 500 500 500 500 500 500 500 500 500 500 500 500 500 500 500 500 500 455 410 365 320 275 230 185 140 95 50 50 50 50 50 50 50 50 50 50 50 95 140 185 230 275 320 365 410 455 500 500 500 500 500 500 500 500 500 500 500 500 500 500 500 500 500 500 500 500 500 500 500 500 500 500 500 500 500 500 500 500 500 500 500 500 500 500 500 500 500 500 500 500 500 500 500 500 500 500 500 500 500 500 500 500 500 500 500 500 500 500 500 500 500 500 500 500 500 500 500 500 500 500 500 500 500 500 500 500 500 500 500 500 500 500 500 500 500 500 500 500 500 500 500 500 500 500 500 500 500 500 500 500 500 500 500 500 500 500 500 500 500 500 500 500 500 500 500 500 500 455 410 365 320 275 230 185 140 95 50 50 50 50 50 50 50 50 50 50 
500 0 0 0 0 0 0 0 0 0 500 0 0 0 0 0 0 0 0 0 500 0 0 0 0 0 0 0 0 0 460 0 0 0 0 0 0 0 0 0 50 0 0 0 0 0 0 0 0 0 95 0 0 0 0 0 0 0 0 0 500 0 0 0 0 0 0 0 0 0 460 0 0 0 0 0 0 0 0 0 500 0 0 0 0 0 0 0 0 0 500 0 0 0 0 0 0 0 0 0 500 0 0 0 0 0 0 0 0 0 500 0 0 0 0 0 0 0 0 0 500 0 0 0 0 0 0 0 0 0 500 0 0 0 0 0 0 0 0 0 460 0 0 0 0 0 0 0 0 0 455 0 0 0 0 0 0 0 0 0 500 0 0 0 0 0 0 0 0 0 500 0 0 0 0 0 0 0 0 0 500 0 0 0 0 0 0 0 0 0 95 0 0 0 0 0 0 0 0 0 
500 0 0 0 0 0 0 0 0 0 500 0 0 0 0 0 0 0 0 0 500 0 0 0 0 0 0 0 0 0 420 0 0 0 0 0 0 0 0 0 50 0 0 0 0 0 0 0 0 0 140 0 0 0 0 0 0 0 0 0 500 0 0 0 0 0 0 0 0 0 420 0 0 0 0 0 0 0 0 0 500 0 0 0 0 0 0 0 0 0 500 0 0 0 0 0 0 0 0 0 500 0 0 0 0 0 0 0 0 0 500 0 0 0 0 0 0 0 0 0 500 0 0 0 0 0 0 0 0 0 500 0 0 0 0 0 0 0 0 0 420 0 0 0 0 0 0 0 0 0 410 0 0 0 0 0 0 0 0 0 500 0 0 0 0 0 0 0 0 0 500 0 0 0 0 0 0 0 0 0 500 0 0 0 0 0 0 0 0 0 140 0 0 0 0 0 0 0 0 0 
500 0 0 0 0 0 0 0 0 0 500 0 0 0 0 0 0 0 0 0 500 0 0 0 0 0 0 0 0 0 380 0 0 0 0 0 0 0 0 0 50 0 0 0 0 0 0 0 0 0 185 0 0 0 0 0 0 0 0 0 500 0 0 0 0 0 0 0 0 0 380 0 0 0 0 0 0 0 0 0 500 0 0 0 0 0 0 0 0 0 500 0 0 0 0 0 0 0 0 0 500 0 0 0 0 0 0 0 0 0 500 0 0 0 0 0 0 0 0 0 500 0 0 0 0 0 0 0 0 0 500 0 0 0 0 0 0 0 0 0 380 0 0 0 0 0 0 0 0 0 365 0 0 0 0 0 0 0 0 0 500 0 0 0 0 0 0 0 0 0 500 0 0 0 0 0 0 0 0 0 500 0 0 0 0 0 0 0 0 0 185 0 0 0 0 0 0 0 0 0 
500 0 0 0 0 0 0 0 0 0 500 0 0 0 0 0 0 0 0 0 500 0 0 0 0 0 0 0 0 0 340 0 0 0 0 0 0 0 0 0 50 0 0 0 0 0 0 0 0 0 230 0 0 0 0 0 0 0 0 0 500 0 0 0 0 0 0 0 0 0 340 0 0 0 0 0 0 0 0 0 500 0 0 0 0 0 0 0 0 0 500 0 0 0 0 0 0 0 0 0 500 0 0 0 0 0 0 0 0 0 500 0 0 0 0 0 0 0 0 0 500 0 0 0 0 0 0 0 0 0 500 0 0 0 0 0 0 0 0 0 340 0 0 0 0 0 0 0 0 0 320 0 0 0 0 0 0 0 0 0 500 0 0 0 0 0 0 0 0 0 500 0 0 0 0 0 0 0 0 0 500 0 0 0 0 0 0 0 0 0 230 0 0 0 0 0 0 0 0 0 
500 0 0 0 0 0 0 0 0 0 500 0 0 0 0 0 0 0 0 0 500 0 0 0 0 0 0 0 0 0 300 0 0 0 0 0 0 0 0 0 50 0 0 0 0 0 0 0 0 0 275 0 0 0 0 0 0 0 0 0 500 0 0 0 0 0 0 0 0 0 300 0 0 0 0 0 0 0 0 0 500 0 0 0 0 0 0 0 0 0 500 0 0 0 0 0 0 0 0 0 500 0 0 0 0 0 0 0 0 0 500 0 0 0 0 0 0 0 0 0 500 0 0 0 0 0 0 0 0 0 500 0 0 0 0 0 0 0 0 0 300 0 0 0 0 0 0 0 0 0 275 0 0 0 0 0 0 0 0 0 500 0 0 0 0 0 0 0 0 0 500 0 0 0 0 0 0 0 0 0 500 0 0 0 0 0 0 0 0 0 275 0 0 0 0 0 0 0 0 0 
500 0 0 0 0 0 0 0 0 0 500 0 0 0 0 0 0 0 0 0 500 0 0 0 0 0 0 0 0 0 260 0 0 0 0 0 0 0 0 0 50 0 0 0 0 0 0 0 0 0 320 0 0 0 0 0 0 0 0 0 500 0 0 0 0 0 0 0 0 0 260 0 0 0 0 0 0 0 0 0 500 0 0 0 0 0 0 0 0 0 500 0 0 0 0 0 0 0 0 0 500 0 0 0 0 0 0 0 0 0 500 0 0 0 0 0 0 0 0 0 500 0 0 0 0 0 0 0 0 0 500 0 0 0 0 0 0 0 0 0 260 0 0 0 0 0 0 0 0 0 230 0 0 0 0 0 0 0 0 0 500 0 0 0 0 0 0 0 0 0 500 0 0 0 0 0 0 0 0 0 500 0 0 0 0 0 0 0 0 0 320 0 0 0 0 0 0 0 0 0 
500 0 0 0 0 0 0 0 0 0 500 0 0 0 0 0 0 0 0 0 500 0 0 0 0 0 0 0 0 0 220 0 0 0 0 0 0 0 0 0 50 0 0 0 0 0 0 0 0 0 365 0 0 0 0 0 0 0 0 0 500 0 0 0 0 0 0 0 0 0 220 0 0 0 0 0 0 0 0 0 500 0 0 0 0 0 0 0 0 0 500 0 0 0 0 0 0 0 0 0 500 0 0 0 0 0 0 0 0 0 500 0 0 0 0 0 0 0 0 0 500 0 0 0 0 0 0 0 0 0 500 0 0 0 0 0 0 0 0 0 220 0 0 0 0 0 0 0 0 0 185 0 0 0 0 0 0 0 0 0 500 0 0 0 0 0 0 0 0 0 500 0 0 0 0 0 0 0 0 0 500 0 0 0 0 0 0 0 0 0 365 0 0 0 0 0 0 0 0 0 
500 0 0 0 0 0 0 0 0 0 500 0 0 0 0 0 0 0 0 0 500 0 0 0 0 0 0 0 0 0 180 0 0 0 0 0 0 0 0 0 50 0 0 0 0 0 0 0 0 0 410 0 0 0 0 0 0 0 0 0 500 0 0 0 0 0 0 0 0 0 180 0 0 0 0 0 0 0 0 0 500 0 0 0 0 0 0 0 0 0 500 0 0 0 0 0 0 0 0 0 500 0 0 0 0 0 0 0 0 0 500 0 0 0 0 0 0 0 0 0 500 0 0 0 0 0 0 0 0 0 500 0 0 0 0 0 0 0 0 0 180 0 0 0 0 0 0 0 0 0 140 0 0 0 0 0 0 0 0 0 500 0 0 0 0 0 0 0 0 0 500 0 0 0 0 0 0 0 0 0 500 0 0 0 0 0 0 0 0 0 410 0 0 0 0 0 0 0 0 0 
500 0 0 0 0 0 0 0 0 0 500 0 0 0 0 0 0 0 0 0 500 0 0 0 0 0 0 0 0 0 140 0 0 0 0 0 0 0 0 0 50 0 0 0 0 0 0 0 0 0 455 0 0 0 0 0 0 0 0 0 500 0 0 0 0 0 0 0 0 0 140 0 0 0 0 0 0 0 0 0 500 0 0 0 0 0 0 0 0 0 500 0 0 0 0 0 0 0 0 0 500 0 0 0 0 0 0 0 0 0 500 0 0 0 0 0 0 0 0 0 500 0 0 0 0 0 0 0 0 0 500 0 0 0 0 0 0 0 0 0 140 0 0 0 0 0 0 0 0 0 95 0 0 0 0 0 0 0 0 0 500 0 0 0 0 0 0 0 0 0 500 0 0 0 0 0 0 0 0 0 500 0 0 0 0 0 0 0 0 0 455 0 0 0 0 0 0 0 0 0 
500 500 500 500 500 500 500 500 500 500 500 500 500 500 500 500 500 500 500 500 500 460 420 380 340 300 260 220 180 140 100 95 90 85 80 75 70 65 60 55 50 95 140 185 230 275 320 365 410 455 500 500 500 500 500 500 500 500 500 500 500 460 420 380 340 300 260 220 180 140 100 140 180 220 260 300 340 380 420 460 500 500 500 500 500 500 500 500 500 500 500 500 500 500 500 500 500 500 500 500 500 500 500 500 500 500 500 500 500 500 500 500 500 500 500 500 500 500 500 500 500 500 500 500 500 500 500 500 500 500 500 460 420 380 340 300 260 220 180 140 100 95 90 85 80 75 70 65 60 55 50 95 140 185 230 275 320 365 410 455 500 500 500 500 500 500 500 500 500 500 500 500 500 500 500 500 500 500 500 500 500 500 500 500 500 500 500 500 500 500 500 500 500 500 500 500 500 500 500 500 
500 0 0 0 0 0 0 0 0 0 500 0 0 0 0 0 0 0 0 0 460 0 0 0 0 0 0 0 0 0 95 0 0 0 0 0 0 0 0 0 60 0 0 0 0 0 0 0 0 0 500 0 0 0 0 0 0 0 0 0 500 0 0 0 0 0 0 0 0 0 95 0 0 0 0 0 0 0 0 0 455 0 0 0 0 0 0 0 0 0 500 0 0 0 0 0 0 0 0 0 500 0 0 0 0 0 0 0 0 0 500 0 0 0 0 0 0 0 0 0 500 0 0 0 0 0 0 0 0 0 500 0 0 0 0 0 0 0 0 0 100 0 0 0 0 0 0 0 0 0 60 0 0 0 0 0 0 0 0 0 500 0 0 0 0 0 0 0 0 0 500 0 0 0 0 0 0 0 0 0 500 0 0 0 0 0 0 0 0 0 500 0 0 0 0 0 0 0 0 0 
500 0 0 0 0 0 0 0 0 0 500 0 0 0 0 0 0 0 0 0 420 0 0 0 0 0 0 0 0 0 90 0 0 0 0 0 0 0 0 0 70 0 0 0 0 0 0 0 0 0 500 0 0 0 0 0 0 0 0 0 500 0 0 0 0 0 0 0 0 0 90 0 0 0 0 0 0 0 0 0 410 0 0 0 0 0 0 0 0 0 500 0 0 0 0 0 0 0 0 0 500 0 0 0 0 0 0 0 0 0 500 0 0 0 0 0 0 0 0 0 500 0 0 0 0 0 0 0 0 0 500 0 0 0 0 0 0 0 0 0 100 0 0 0 0 0 0 0 0 0 70 0 0 0 0 0 0 0 0 0 500 0 0 0 0 0 0 0 0 0 500 0 0 0 0 0 0 0 0 0 500 0 0 0 0 0 0 0 0 0 500 0 0 0 0 0 0 0 0 0 
500 0 0 0 0 0 0 0 0 0 500 0 0 0 0 0 0 0 0 0 380 0 0 0 0 0 0 0 0 0 85 0 0 0 0 0 0 0 0 0 80 0 0 0 0 0 0 0 0 0 500 0 0 0 0 0 0 0 0 0 500 0 0 0 0 0 0 0 0 0 85 0 0 0 0 0 0 0 0 0 365 0 0 0 0 0 0 0 0 0 500 0 0 0 0 0 0 0 0 0 500 0 0 0 0 0 0 0 0 0 500 0 0 0 0 0 0 0 0 0 500 0 0 0 0 0 0 0 0 0 500 0 0 0 0 0 0 0 0 0 100 0 0 0 0 0 0 0 0 0 80 0 0 0 0 0 0 0 0 0 500 0 0 0 0 0 0 0 0 0 500 0 0 0 0 0 0 0 0 0 500 0 0 0 0 0 0 0 0 0 500 0 0 0 0 0 0 0 0 0 
500 0 0 0 0 0 0 0 0 0 500 0 0 0 0 0 0 0 0 0 340 0 0 0 0 0 0 0 0 0 80 0 0 0 0 0 0 0 0 0 90 0 0 0 0 0 0 0 0 0 500 0 0 0 0 0 0 0 0 0 500 0 0 0 0 0 0 0 0 0 80 0 0 0 0 0 0 0 0 0 320 0 0 0 0 0 0 0 0 0 500 0 0 0 0 0 0 0 0 0 500 0 0 0 0 0 0 0 0 0 500 0 0 0 0 0 0 0 0 0 500 0 0 0 0 0 0 0 0 0 500 0 0 0 0 0 0 0 0 0 100 0 0 0 0 0 0 0 0 0 90 0 0 0 0 0 0 0 0 0 500 0 0 0 0 0 0 0 0 0 500 0 0 0 0 0 0 0 0 0 500 0 0 0 0 0 0 0 0 0 500 0 0 0 0 0 0 0 0 0 
500 0 0 0 0 0 0 0 0 0 500 0 0 0 0 0 0 0 0 0 300 0 0 0 0 0 0 0 0 0 75 0 0 0 0 0 0 0 0 0 100 0 0 0 0 0 0 0 0 0 500 0 0 0 0 0 0 0 0 0 500 0 0 0 0 0 0 0 0 0 75 0 0 0 0 0 0 0 0 0 275 0 0 0 0 0 0 0 0 0 500 0 0 0 0 0 0 0 0 0 500 0 0 0 0 0 0 0 0 0 500 0 0 0 0 0 0 0 0 0 500 0 0 0 0 0 0 0 0 0 500 0 0 0 0 0 0 0 0 0 100 0 0 0 0 0 0 0 0 0 100 0 0 0 0 0 0 0 0 0 500 0 0 0 0 0 0 0 0 0 500 0 0 0 0 0 0 0 0 0 500 0 0 0 0 0 0 0 0 0 500 0 0 0 0 0 0 0 0 0 
500 0 0 0 0 0 0 0 0 0 500 0 0 0 0 0 0 0 0 0 260 0 0 0 0 0 0 0 0 0 70 0 0 0 0 0 0 0 0 0 110 0 0 0 0 0 0 0 0 0 500 0 0 0 0 0 0 0 0 0 500 0 0 0 0 0 0 0 0 0 70 0 0 0 0 0 0 0 0 0 230 0 0 0 0 0 0 0 0 0 500 0 0 0 0 0 0 0 0 0 500 0 0 0 0 0 0 0 0 0 500 0 0 0 0 0 0 0 0 0 500 0 0 0 0 0 0 0 0 0 500 0 0 0 0 0 0 0 0 0 100 0 0 0 0 0 0 0 0 0 110 0 0 0 0 0 0 0 0 0 500 0 0 0 0 0 0 0 0 0 500 0 0 0 0 0 0 0 0 0 500 0 0 0 0 0 0 0 0 0 500 0 0 0 0 0 0 0 0 0 
500 0 0 0 0 0 0 0 0 0 500 0 0 0 0 0 0 0 0 0 220 0 0 0 0 0 0 0 0 0 65 0 0 0 0 0 0 0 0 0 120 0 0 0 0 0 0 0 0 0 500 0 0 0 0 0 0 0 0 0 500 0 0 0 0 0 0 0 0 0 65 0 0 0 0 0 0 0 0 0 185 0 0 0 0 0 0 0 0 0 500 0 0 0 0 0 0 0 0 0 500 0 0 0 0 0 0 0 0 0 500 0 0 0 0 0 0 0 0 0 500 0 0 0 0 0 0 0 0 0 500 0 0 0 0 0 0 0 0 0 100 0 0 0 0 0 0 0 0 0 120 0 0 0 0 0 0 0 0 0 500 0 0 0 0 0 0 0 0 0 500 0 0 0 0 0 0 0 0 0 500 0 0 0 0 0 0 0 0 0 500 0 0 0 0 0 0 0 0 0 
500 0 0 0 0 0 0 0 0 0 500 0 0 0 0 0 0 0 0 0 180 0 0 0 0 0 0 0 0 0 60 0 0 0 0 0 0 0 0 0 130 0 0 0 0 0 0 0 0 0 500 0 0 0 0 0 0 0 0 0 500 0 0 0 0 0 0 0 0 0 60 0 0 0 0 0 0 0 0 0 140 0 0 0 0 0 0 0 0 0 500 0 0 0 0 0 0 0 0 0 500 0 0 0 0 0 0 0 0 0 500 0 0 0 0 0 0 0 0 0 500 0 0 0 0 0 0 0 0 0 500 0 0 0 0 0 0 0 0 0 100 0 0 0 0 0 0 0 0 0 130 0 0 0 0 0 0 0 0 0 500 0 0 0 0 0 0 0 0 0 500 0 0 0 0 0 0 0 0 0 500 0 0 0 0 0 0 0 0 0 500 0 0 0 0 0 0 0 0 0 
500 0 0 0 0 0 0 0 0 0 500 0 0 0 0 0 0 0 0 0 140 0 0 0 0 0 0 0 0 0 55 0 0 0 0 0 0 0 0 0 140 0 0 0 0 0 0 0 0 0 500 0 0 0 0 0 0 0 0 0 500 0 0 0 0 0 0 0 0 0 55 0 0 0 0 0 0 0 0 0 95 0 0 0 0 0 0 0 0 0 500 0 0 0 0 0 0 0 0 0 500 0 0 0 0 0 0 0 0 0 500 0 0 0 0 0 0 0 0 0 500 0 0 0 0 0 0 0 0 0 500 0 0 0 0 0 0 0 0 0 100 0 0 0 0 0 0 0 0 0 140 0 0 0 0 0 0 0 0 0 500 0 0 0 0 0 0 0 0 0 500 0 0 0 0 0 0 0 0 0 500 0 0 0 0 0 0 0 0 0 500 0 0 0 0 0 0 0 0 0 
500 500 500 500 500 500 500 500 500 500 500 460 420 380 340 300 260 220 180 140 100 95 90 85 80 75 70 65 60 55 50 60 70 80 90 100 110 120 130 140 150 185 220 255 290 325 360 395 430 465 500 500 500 500 500 500 500 500 500 500 500 455 410 365 320 275 230 185 140 95 50 50 50 50 50 50 50 50 50 50 50 95 140 185 230 275 320 365 410 455 500 500 500 500 500 500 500 500 500 500 500 500 500 500 500 500 500 500 500 500 500 500 500 500 500 500 500 500 500 500 500 500 500 500 500 500 500 500 500 500 500 460 420 380 340 300 260 220 180 140 100 105 110 115 120 125 130 135 140 145 150 185 220 255 290 325 360 395 430 465 500 500 500 500 500 500 500 500 500 500 500 500 500 500 500 500 500 500 500 500 500 500 500 500 500 500 500 500 500 500 500 500 500 500 500 500 500 500 500 500 
500 0 0 0 0 0 0 0 0 0 460 0 0 0 0 0 0 0 0 0 100 0 0 0 0 0 0 0 0 0 95 0 0 0 0 0 0 0 0 0 185 0 0 0 0 0 0 0 0 0 500 0 0 0 0 0 0 0 0 0 455 0 0 0 0 0 0 0 0 0 50 0 0 0 0 0 0 0 0 0 60 0 0 0 0 0 0 0 0 0 500 0 0 0 0 0 0 0 0 0 500 0 0 0 0 0 0 0 0 0 500 0 0 0 0 0 0 0 0 0 500 0 0 0 0 0 0 0 0 0 500 0 0 0 0 0 0 0 0 0 140 0 0 0 0 0 0 0 0 0 185 0 0 0 0 0 0 0 0 0 500 0 0 0 0 0 0 0 0 0 465 0 0 0 0 0 0 0 0 0 455 0 0 0 0 0 0 0 0 0 500 0 0 0 0 0 0 0 0 0 
500 0 0 0 0 0 0 0 0 0 420 0 0 0 0 0 0 0 0 0 100 0 0 0 0 0 0 0 0 0 140 0 0 0 0 0 0 0 0 0 220 0 0 0 0 0 0 0 0 0 500 0 0 0 0 0 0 0 0 0 410 0 0 0 0 0 0 0 0 0 50 0 0 0 0 0 0 0 0 0 70 0 0 0 0 0 0 0 0 0 500 0 0 0 0 0 0 0 0 0 500 0 0 0 0 0 0 0 0 0 500 0 0 0 0 0 0 0 0 0 500 0 0 0 0 0 0 0 0 0 500 0 0 0 0 0 0 0 0 0 180 0 0 0 0 0 0 0 0 0 220 0 0 0 0 0 0 0 0 0 500 0 0 0 0 0 0 0 0 0 430 0 0 0 0 0 0 0 0 0 410 0 0 0 0 0 0 0 0 0 500 0 0 0 0 0 0 0 0 0 
500 0 0 0 0 0 0 0 0 0 380 0 0 0 0 0 0 0 0 0 100 0 0 0 0 0 0 0 0 0 185 0 0 0 0 0 0 0 0 0 255 0 0 0 0 0 0 0 0 0 500 0 0 0 0 0 0 0 0 0 365 0 0 0 0 0 0 0 0 0 50 0 0 0 0 0 0 0 0 0 80 0 0 0 0 0 0 0 0 0 500 0 0 0 0 0 0 0 0 0 500 0 0 0 0 0 0 0 0 0 500 0 0 0 0 0 0 0 0 0 500 0 0 0 0 0 0 0 0 0 500 0 0 0 0 0 0 0 0 0 220 0 0 0 0 0 0 0 0 0 255 0 0 0 0 0 0 0 0 0 500 0 0 0 0 0 0 0 0 0 395 0 0 0 0 0 0 0 0 0 365 0 0 0 0 0 0 0 0 0 500 0 0 0 0 0 0 0 0 0 
500 0 0 0 0 0 0 0 0 0 340 0 0 0 0 0 0 0 0 0 100 0 0 0 0 0 0 0 0 0 230 0 0 0 0 0 0 0 0 0 290 0 0 0 0 0 0 0 0 0 500 0 0 0 0 0 0 0 0 0 320 0 0 0 0 0 0 0 0 0 50 0 0 0 0 0 0 0 0 0 90 0 0 0 0 0 0 0 0 0 500 0 0 0 0 0 0 0 0 0 500 0 0 0 0 0 0 0 0 0 500 0 0 0 0 0 0 0 0 0 500 0 0 0 0 0 0 0 0 0 500 0 0 0 0 0 0 0 0 0 260 0 0 0 0 0 0 0 0 0 290 0 0 0 0 0 0 0 0 0 500 0 0 0 0 0 0 0 0 0 360 0 0 0 0 0 0 0 0 0 320 0 0 0 0 0 0 0 0 0 500 0 0 0 0 0 0 0 0 0 
500 0 0 0 0 0 0 0 0 0 300 0 0 0 0 0 0 0 0 0 100 0 0 0 0 0 0 0 0 0 275 0 0 0 0 0 0 0 0 0 325 0 0 0 0 0 0 0 0 0 500 0 0 0 0 0 0 0 0 0 275 0 0 0 0 0 0 0 0 0 50 0 0 0 0 0 0 0 0 0 100 0 0 0 0 0 0 0 0 0 500 0 0 0 0 0 0 0 0 0 500 0 0 0 0 0 0 0 0 0 500 0 0 0 0 0 0 0 0 0 500 0 0 0 0 0 0 0 0 0 500 0 0 0 0 0 0 0 0 0 300 0 0 0 0 0 0 0 0 0 325 0 0 0 0 0 0 0 0 0 500 0 0 0 0 0 0 0 0 0 325 0 0 0 0 0 0 0 0 0 275 0 0 0 0 0 0 0 0 0 500 0 0 0 0 0 0 0 0 0 
500 0 0 0 0 0 0 0 0 0 260 0 0 0 0 0 0 0 0 0 100 0 0 0 0 0 0 0 0 0 320 0 0 0 0 0 0 0 0 0 360 0 0 0 0 0 0 0 0 0 500 0 0 0 0 0 0 0 0 0 230 0 0 0 0 0 0 0 0 0 50 0 0 0 0 0 0 0 0 0 110 0 0 0 0 0 0 0 0 0 500 0 0 0 0 0 0 0 0 0 500 0 0 0 0 0 0 0 0 0 500 0 0 0 0 0 0 0 0 0 500 0 0 0 0 0 0 0 0 0 500 0 0 0 0 0 0 0 0 0 340 0 0 0 0 0 0 0 0 0 360 0 0 0 0 0 0 0 0 0 500 0 0 0 0 0 0 0 0 0 290 0 0 0 0 0 0 0 0 0 230 0 0 0 0 0 0 0 0 0 500 0 0 0 0 0 0 0 0 0 
500 0 0 0 0 0 0 0 0 0 220 0 0 0 0 0 0 0 0 0 100 0 0 0 0 0 0 0 0 0 365 0 0 0 0 0 0 0 0 0 395 0 0 0 0 0 0 0 0 0 500 0 0 0 0 0 0 0 0 0 185 0 0 0 0 0 0 0 0 0 50 0 0 0 0 0 0 0 0 0 120 0 0 0 0 0 0 0 0 0 500 0 0 0 0 0 0 0 0 0 500 0 0 0 0 0 0 0 0 0 500 0 0 0 0 0 0 0 0 0 500 0 0 0 0 0 0 0 0 0 500 0 0 0 0 0 0 0 0 0 380 0 0 0 0 0 0 0 0 0 395 0 0 0 0 0 0 0 0 0 500 0 0 0 0 0 0 0 0 0 255 0 0 0 0 0 0 0 0 0 185 0 0 0 0 0 0 0 0 0 500 0 0 0 0 0 0 0 0 0 
500 0 0 0 0 0 0 0 0 0 180 0 0 0 0 0 0 0 0 0 100 0 0 0 0 0 0 0 0 0 410 0 0 0 0 0 0 0 0 0 430 0 0 0 0 0 0 0 0 0 500 0 0 0 0 0 0 0 0 0 140 0 0 0 0 0 0 0 0 0 50 0 0 0 0 0 0 0 0 0 130 0 0 0 0 0 0 0 0 0 500 0 0 0 0 0 0 0 0 0 500 0 0 0 0 0 0 0 0 0 500 0 0 0 0 0 0 0 0 0 500 0 0 0 0 0 0 0 0 0 500 0 0 0 0 0 0 0 0 0 420 0 0 0 0 0 0 0 0 0 430 0 0 0 0 0 0 0 0 0 500 0 0 0 0 0 0 0 0 0 220 0 0 0 0 0 0 0 0 0 140 0 0 0 0 0 0 0 0 0 500 0 0 0 0 0 0 0 0 0 
500 0 0 0 0 0 0 0 0 0 140 0 0 0 0 0 0 0 0 0 100 0 0 0 0 0 0 0 0 0 455 0 0 0 0 0 0 0 0 0 465 0 0 0 0 0 0 0 0 0 500 0 0 0 0 0 0 0 0 0 95 0 0 0 0 0 0 0 0 0 50 0 0 0 0 0 0 0 0 0 140 0 0 0 0 0 0 0 0 0 500 0 0 0 0 0 0 0 0 0 500 0 0 0 0 0 0 0 0 0 500 0 0 0 0 0 0 0 0 0 500 0 0 0 0 0 0 0 0 0 500 0 0 0 0 0 0 0 0 0 460 0 0 0 0 0 0 0 0 0 465 0 0 0 0 0 0 0 0 0 500 0 0 0 0 0 0 0 0 0 185 0 0 0 0 0 0 0 0 0 95 0 0 0 0 0 0 0 0 0 500 0 0 0 0 0 0 0 0 0 
500 460 420 380 340 300 260 220 180 140 100 100 100 100 100 100 100 100 100 100 100 140 180 220 260 300 340 380 420 460 500 500 500 500 500 500 500 500 500 500 500 500 500 500 500 500 500 500 500 500 500 455 410 365 320 275 230 185 140 95 50 50 50 50 50 50 50 50 50 50 50 60 70 80 90 100 110 120 130 140 150 185 220 255 290 325 360 395 430 465 500 500 500 500 500 500 500 500 500 500 500 500 500 500 500 500 500 500 500 500 500 500 500 500 500 500 500 500 500 500 500 500 500 500 500 500 500 500 500 500 500 500 500 500 500 500 500 500 500 500 500 500 500 500 500 500 500 500 500 500 500 500 500 500 500 500 500 500 500 500 500 465 430 395 360 325 290 255 220 185 150 140 130 120 110 100 90 80 70 60 50 95 140 185 230 275 320 365 410 455 500 500 500 500 500 500 500 500 500 500 
465 0 0 0 0 0 0 0 0 0 95 0 0 0 0 0 0 0 0 0 140 0 0 0 0 0 0 0 0 0 500 0 0 0 0 0 0 0 0 0 500 0 0 0 0 0 0 0 0 0 500 0 0 0 0 0 0 0 0 0 95 0 0 0 0 0 0 0 0 0 60 0 0 0 0 0 0 0 0 0 185 0 0 0 0 0 0 0 0 0 500 0 0 0 0 0 0 0 0 0 500 0 0 0 0 0 0 0 0 0 465 0 0 0 0 0 0 0 0 0 500 0 0 0 0 0 0 0 0 0 500 0 0 0 0 0 0 0 0 0 460 0 0 0 0 0 0 0 0 0 500 0 0 0 0 0 0 0 0 0 465 0 0 0 0 0 0 0 0 0 140 0 0 0 0 0 0 0 0 0 55 0 0 0 0 0 0 0 0 0 500 0 0 0 0 0 0 0 0 0 
430 0 0 0 0 0 0 0 0 0 90 0 0 0 0 0 0 0 0 0 180 0 0 0 0 0 0 0 0 0 500 0 0 0 0 0 0 0 0 0 500 0 0 0 0 0 0 0 0 0 500 0 0 0 0 0 0 0 0 0 140 0 0 0 0 0 0 0 0 0 70 0 0 0 0 0 0 0 0 0 220 0 0 0 0 0 0 0 0 0 500 0 0 0 0 0 0 0 0 0 500 0 0 0 0 0 0 0 0 0 430 0 0 0 0 0 0 0 0 0 500 0 0 0 0 0 0 0 0 0 500 0 0 0 0 0 0 0 0 0 420 0 0 0 0 0 0 0 0 0 500 0 0 0 0 0 0 0 0 0 430 0 0 0 0 0 0 0 0 0 130 0 0 0 0 0 0 0 0 0 60 0 0 0 0 0 0 0 0 0 500 0 0 0 0 0 0 0 0 0 
395 0 0 0 0 0 0 0 0 0 85 0 0 0 0 0 0 0 0 0 220 0 0 0 0 0 0 0 0 0 500 0 0 0 0 0 0 0 0 0 500 0 0 0 0 0 0 0 0 0 500 0 0 0 0 0 0 0 0 0 185 0 0 0 0 0 0 0 0 0 80 0 0 0 0 0 0 0 0 0 255 0 0 0 0 0 0 0 0 0 500 0 0 0 0 0 0 0 0 0 500 0 0 0 0 0 0 0 0 0 395 0 0 0 0 0 0 0 0 0 500 0 0 0 0 0 0 0 0 0 500 0 0 0 0 0 0 0 0 0 380 0 0 0 0 0 0 0 0 0 500 0 0 0 0 0 0 0 0 0 395 0 0 0 0 0 0 0 0 0 120 0 0 0 0 0 0 0 0 0 65 0 0 0 0 0 0 0 0 0 500 0 0 0 0 0 0 0 0 0 
360 0 0 0 0 0 0 0 0 0 80 0 0 0 0 0 0 0 0 0 260 0 0 0 0 0 0 0 0 0 500 0 0 0 0 0 0 0 0 0 500 0 0 0 0 0 0 0 0 0 500 0 0 0 0 0 0 0 0 0 230 0 0 0 0 0 0 0 0 0 90 0 0 0 0 0 0 0 0 0 290 0 0 0 0 0 0 0 0 0 500 0 0 0 0 0 0 0 0 0 500 0 0 0 0 0 0 0 0 0 360 0 0 0 0 0 0 0 0 0 500 0 0 0 0 0 0 0 0 0 500 0 0 0 0 0 0 0 0 0 340 0 0 0 0 0 0 0 0 0 500 0 0 0 0 0 0 0 0 0 360 0 0 0 0 0 0 0 0 0 110 0 0 0 0 0 0 0 0 0 70 0 0 0 0 0 0 0 0 0 500 0 0 0 0 0 0 0 0 0 
325 0 0 0 0 0 0 0 0 0 75 0 0 0 0 0 0 0 0 0 300 0 0 0 0 0 0 0 0 0 500 0 0 0 0 0 0 0 0 0 500 0 0 0 0 0 0 0 0 0 500 0 0 0 0 0 0 0 0 0 275 0 0 0 0 0 0 0 0 0 100 0 0 0 0 0 0 0 0 0 325 0 0 0 0 0 0 0 0 0 500 0 0 0 0 0 0 0 0 0 500 0 0 0 0 0 0 0 0 0 325 0 0 0 0 0 0 0 0 0 500 0 0 0 0 0 0 0 0 0 500 0 0 0 0 0 0 0 0 0 300 0 0 0 0 0 0 0 0 0 500 0 0 0 0 0 0 0 0 0 325 0 0 0 0 0 0 0 0 0 100 0 0 0 0 0 0 0 0 0 75 0 0 0 0 0 0 0 0 0 500 0 0 0 0 0 0 0 0 0 
290 0 0 0 0 0 0 0 0 0 70 0 0 0 0 0 0 0 0 0 340 0 0 0 0 0 0 0 0 0 500 0 0 0 0 0 0 0 0 0 500 0 0 0 0 0 0 0 0 0 500 0 0 0 0 0 0 0 0 0 320 0 0 0 0 0 0 0 0 0 110 0 0 0 0 0 0 0 0 0 360 0 0 0 0 0 0 0 0 0 500 0 0 0 0 0 0 0 0 0 500 0 0 0 0 0 0 0 0 0 290 0 0 0 0 0 0 0 0 0 500 0 0 0 0 0 0 0 0 0 500 0 0 0 0 0 0 0 0 0 260 0 0 0 0 0 0 0 0 0 500 0 0 0 0 0 0 0 0 0 290 0 0 0 0 0 0 0 0 0 90 0 0 0 0 0 0 0 0 0 80 0 0 0 0 0 0 0 0 0 500 0 0 0 0 0 0 0 0 0 
255 0 0 0 0 0 0 0 0 0 65 0 0 0 0 0 0 0 0 0 380 0 0 0 0 0 0 0 0 0 500 0 0 0 0 0 0 0 0 0 500 0 0 0 0 0 0 0 0 0 500 0 0 0 0 0 0 0 0 0 365 0 0 0 0 0 0 0 0 0 120 0 0 0 0 0 0 0 0 0 395 0 0 0 0 0 0 0 0 0 500 0 0 0 0 0 0 0 0 0 500 0 0 0 0 0 0 0 0 0 255 0 0 0 0 0 0 0 0 0 500 0 0 0 0 0 0 0 0 0 500 0 0 0 0 0 0 0 0 0 220 0 0 0 0 0 0 0 0 0 500 0 0 0 0 0 0 0 0 0 255 0 0 0 0 0 0 0 0 0 80 0 0 0 0 0 0 0 0 0 85 0 0 0 0 0 0 0 0 0 500 0 0 0 0 0 0 0 0 0 
220 0 0 0 0 0 0 0 0 0 60 0 0 0 0 0 0 0 0 0 420 0 0 0 0 0 0 0 0 0 500 0 0 0 0 0 0 0 0 0 500 0 0 0 0 0 0 0 0 0 500 0 0 0 0 0 0 0 0 0 410 0 0 0 0 0 0 0 0 0 130 0 0 0 0 0 0 0 0 0 430 0 0 0 0 0 0 0 0 0 500 0 0 0 0 0 0 0 0 0 500 0 0 0 0 0 0 0 0 0 220 0 0 0 0 0 0 0 0 0 500 0 0 0 0 0 0 0 0 0 500 0 0 0 0 0 0 0 0 0 180 0 0 0 0 0 0 0 0 0 500 0 0 0 0 0 0 0 0 0 220 0 0 0 0 0 0 0 0 0 70 0 0 0 0 0 0 0 0 0 90 0 0 0 0 0 0 0 0 0 500 0 0 0 0 0 0 0 0 0 
185 0 0 0 0 0 0 0 0 0 55 0 0 0 0 0 0 0 0 0 460 0 0 0 0 0 0 0 0 0 500 0 0 0 0 0 0 0 0 0 500 0 0 0 0 0 0 0 0 0 500 0 0 0 0 0 0 0 0 0 455 0 0 0 0 0 0 0 0 0 140 0 0 0 0 0 0 0 0 0 465 0 0 0 0 0 0 0 0 0 500 0 0 0 0 0 0 0 0 0 500 0 0 0 0 0 0 0 0 0 185 0 0 0 0 0 0 0 0 0 500 0 0 0 0 0 0 0 0 0 500 0 0 0 0 0 0 0 0 0 140 0 0 0 0 0 0 0 0 0 500 0 0 0 0 0 0 0 0 0 185 0 0 0 0 0 0 0 0 0 60 0 0 0 0 0 0 0 0 0 95 0 0 0 0 0 0 0 0 0 500 0 0 0 0 0 0 0 0 0 
150 140 130 120 110 100 90 80 70 60 50 95 140 185 230 275 320 365 410 455 500 500 500 500 500 500 500 500 500 500 500 500 500 500 500 500 500 500 500 500 500 500 500 500 500 500 500 500 500 500 500 500 500 500 500 500 500 500 500 500 500 465 430 395 360 325 290 255 220 185 150 185 220 255 290 325 360 395 430 465 500 500 500 500 500 500 500 500 500 500 500 500 500 500 500 500 500 500 500 500 500 465 430 395 360 325 290 255 220 185 150 185 220 255 290 325 360 395 430 465 500 500 500 500 500 500 500 500 500 500 500 460 420 380 340 300 260 220 180 140 100 140 180 220 260 300 340 380 420 460 500 465 430 395 360 325 290 255 220 185 150 140 130 120 110 100 90 80 70 60 50 55 60 65 70 75 80 85 90 95 100 140 180 220 260 300 340 380 420 460 500 500 500 500 500 500 500 500 500 500 
185 0 0 0 0 0 0 0 0 0 50 0 0 0 0 0 0 0 0 0 460 0 0 0 0 0 0 0 0 0 500 0 0 0 0 0 0 0 0 0 500 0 0 0 0 0 0 0 0 0 500 0 0 0 0 0 0 0 0 0 500 0 0 0 0 0 0 0 0 0 185 0 0 0 0 0 0 0 0 0 500 0 0 0 0 0 0 0 0 0 500 0 0 0 0 0 0 0 0 0 500 0 0 0 0 0 0 0 0 0 185 0 0 0 0 0 0 0 0 0 500 0 0 0 0 0 0 0 0 0 500 0 0 0 0 0 0 0 0 0 140 0 0 0 0 0 0 0 0 0 500 0 0 0 0 0 0 0 0 0 140 0 0 0 0 0 0 0 0 0 50 0 0 0 0 0 0 0 0 0 140 0 0 0 0 0 0 0 0 0 500 0 0 0 0 0 0 0 0 0 
220 0 0 0 0 0 0 0 0 0 50 0 0 0 0 0 0 0 0 0 420 0 0 0 0 0 0 0 0 0 500 0 0 0 0 0 0 0 0 0 500 0 0 0 0 0 0 0 0 0 500 0 0 0 0 0 0 0 0 0 500 0 0 0 0 0 0 0 0 0 220 0 0 0 0 0 0 0 0 0 500 0 0 0 0 0 0 0 0 0 500 0 0 0 0 0 0 0 0 0 500 0 0 0 0 0 0 0 0 0 220 0 0 0 0 0 0 0 0 0 500 0 0 0 0 0 0 0 0 0 500 0 0 0 0 0 0 0 0 0 180 0 0 0 0 0 0 0 0 0 500 0 0 0 0 0 0 0 0 0 130 0 0 0 0 0 0 0 0 0 50 0 0 0 0 0 0 0 0 0 180 0 0 0 0 0 0 0 0 0 500 0 0 0 0 0 0 0 0 0 
255 0 0 0 0 0 0 0 0 0 50 0 0 0 0 0 0 0 0 0 380 0 0 0 0 0 0 0 0 0 500 0 0 0 0 0 0 0 0 0 500 0 0 0 0 0 0 0 0 0 500 0 0 0 0 0 0 0 0 0 500 0 0 0 0 0 0 0 0 0 255 0 0 0 0 0 0 0 0 0 500 0 0 0 0 0 0 0 0 0 500 0 0 0 0 0 0 0 0 0 500 0 0 0 0 0 0 0 0 0 255 0 0 0 0 0 0 0 0 0 500 0 0 0 0 0 0 0 0 0 500 0 0 0 0 0 0 0 0 0 220 0 0 0 0 0 0 0 0 0 500 0 0 0 0 0 0 0 0 0 120 0 0 0 0 0 0 0 0 0 50 0 0 0 0 0 0 0 0 0 220 0 0 0 0 0 0 0 0 0 500 0 0 0 0 0 0 0 0 0 
290 0 0 0 0 0 0 0 0 0 50 0 0 0 0 0 0 0 0 0 340 0 0 0 0 0 0 0 0 0 500 0 0 0 0 0 0 0 0 0 500 0 0 0 0 0 0 0 0 0 500 0 0 0 0 0 0 0 0 0 500 0 0 0 0 0 0 0 0 0 290 0 0 0 0 0 0 0 0 0 500 0 0 0 0 0 0 0 0 0 500 0 0 0 0 0 0 0 0 0 500 0 0 0 0 0 0 0 0 0 290 0 0 0 0 0 0 0 0 0 500 0 0 0 0 0 0 0 0 0 500 0 0 0 0 0 0 0 0 0 260 0 0 0 0 0 0 0 0 0 500 0 0 0 0 0 0 0 0 0 110 0 0 0 0 0 0 0 0 0 50 0 0 0 0 0 0 0 0 0 260 0 0 0 0 0 0 0 0 0 500 0 0 0 0 0 0 0 0 0 
325 0 0 0 0 0 0 0 0 0 50 0 0 0 0 0 0 0 0 0 300 0 0 0 0 0 0 0 0 0 500 0 0 0 0 0 0 0 0 0 500 0 0 0 0 0 0 0 0 0 500 0 0 0 0 0 0 0 0 0 500 0 0 0 0 0 0 0 0 0 325 0 0 0 0 0 0 0 0 0 500 0 0 0 0 0 0 0 0 0 500 0 0 0 0 0 0 0 0 0 500 0 0 0 0 0 0 0 0 0 325 0 0 0 0 0 0 0 0 0 500 0 0 0 0 0 0 0 0 0 500 0 0 0 0 0 0 0 0 0 300 0 0 0 0 0 0 0 0 0 500 0 0 0 0 0 0 0 0 0 100 0 0 0 0 0 0 0 0 0 50 0 0 0 0 0 0 0 0 0 300 0 0 0 0 0 0 0 0 0 500 0 0 0 0 0 0 0 0 0 
360 0 0 0 0 0 0 0 0 0 50 0 0 0 0 0 0 0 0 0 260 0 0 0 0 0 0 0 0 0 500 0 0 0 0 0 0 0 0 0 500 0 0 0 0 0 0 0 0 0 500 0 0 0 0 0 0 0 0 0 500 0 0 0 0 0 0 0 0 0 360 0 0 0 0 0 0 0 0 0 500 0 0 0 0 0 0 0 0 0 500 0 0 0 0 0 0 0 0 0 500 0 0 0 0 0 0 0 0 0 360 0 0 0 0 0 0 0 0 0 500 0 0 0 0 0 0 0 0 0 500 0 0 0 0 0 0 0 0 0 340 0 0 0 0 0 0 0 0 0 500 0 0 0 0 0 0 0 0 0 90 0 0 0 0 0 0 0 0 0 50 0 0 0 0 0 0 0 0 0 340 0 0 0 0 0 0 0 0 0 500 0 0 0 0 0 0 0 0 0 
395 0 0 0 0 0 0 0 0 0 50 0 0 0 0 0 0 0 0 0 220 0 0 0 0 0 0 0 0 0 500 0 0 0 0 0 0 0 0 0 500 0 0 0 0 0 0 0 0 0 500 0 0 0 0 0 0 0 0 0 500 0 0 0 0 0 0 0 0 0 395 0 0 0 0 0 0 0 0 0 500 0 0 0 0 0 0 0 0 0 500 0 0 0 0 0 0 0 0 0 500 0 0 0 0 0 0 0 0 0 395 0 0 0 0 0 0 0 0 0 500 0 0 0 0 0 0 0 0 0 500 0 0 0 0 0 0 0 0 0 380 0 0 0 0 0 0 0 0 0 500 0 0 0 0 0 0 0 0 0 80 0 0 0 0 0 0 0 0 0 50 0 0 0 0 0 0 0 0 0 380 0 0 0 0 0 0 0 0 0 500 0 0 0 0 0 0 0 0 0 
430 0 0 0 0 0 0 0 0 0 50 0 0 0 0 0 0 0 0 0 180 0 0 0 0 0 0 0 0 0 500 0 0 0 0 0 0 0 0 0 500 0 0 0 0 0 0 0 0 0 500 0 0 0 0 0 0 0 0 0 500 0 0 0 0 0 0 0 0 0 430 0 0 0 0 0 0 0 0 0 500 0 0 0 0 0 0 0 0 0 500 0 0 0 0 0 0 0 0 0 500 0 0 0 0 0 0 0 0 0 430 0 0 0 0 0 0 0 0 0 500 0 0 0 0 0 0 0 0 0 500 0 0 0 0 0 0 0 0 0 420 0 0 0 0 0 0 0 0 0 500 0 0 0 0 0 0 0 0 0 70 0 0 0 0 0 0 0 0 0 50 0 0 0 0 0 0 0 0 0 420 0 0 0 0 0 0 0 0 0 500 0 0 0 0 0 0 0 0 0 
465 0 0 0 0 0 0 0 0 0 50 0 0 0 0 0 0 0 0 0 140 0 0 0 0 0 0 0 0 0 500 0 0 0 0 0 0 0 0 0 500 0 0 0 0 0 0 0 0 0 500 0 0 0 0 0 0 0 0 0 500 0 0 0 0 0 0 0 0 0 465 0 0 0 0 0 0 0 0 0 500 0 0 0 0 0 0 0 0 0 500 0 0 0 0 0 0 0 0 0 500 0 0 0 0 0 0 0 0 0 465 0 0 0 0 0 0 0 0 0 500 0 0 0 0 0 0 0 0 0 500 0 0 0 0 0 0 0 0 0 460 0 0 0 0 0 0 0 0 0 500 0 0 0 0 0 0 0 0 0 60 0 0 0 0 0 0 0 0 0 50 0 0 0 0 0 0 0 0 0 460 0 0 0 0 0 0 0 0 0 500 0 0 0 0 0 0 0 0 0 
500 455 410 365 320 275 230 185 140 95 50 55 60 65 70 75 80 85 90 95 100 140 180 220 260 300 340 380 420 460 500 500 500 500 500 500 500 500 500 500 500 500 500 500 500 500 500 500 500 500 500 500 500 500 500 500 500 500 500 500 500 500 500 500 500 500 500 500 500 500 500 500 500 500 500 500 500 500 500 500 500 500 500 500 500 500 500 500 500 500 500 500 500 500 500 500 500 500 500 500 500 500 500 500 500 500 500 500 500 500 500 500 500 500 500 500 500 500 500 500 500 500 500 500 500 500 500 500 500 500 500 500 500 500 500 500 500 500 500 500 500 500 500 500 500 500 500 500 500 500 500 455 410 365 320 275 230 185 140 95 50 50 50 50 50 50 50 50 50 50 50 95 140 185 230 275 320 365 410 455 500 500 500 500 500 500 500 500 500 500 500 500 500 500 500 500 500 500 500 500 
500 0 0 0 0 0 0 0 0 0 50 0 0 0 0 0 0 0 0 0 100 0 0 0 0 0 0 0 0 0 500 0 0 0 0 0 0 0 0 0 500 0 0 0 0 0 0 0 0 0 500 0 0 0 0 0 0 0 0 0 500 0 0 0 0 0 0 0 0 0 500 0 0 0 0 0 0 0 0 0 500 0 0 0 0 0 0 0 0 0 500 0 0 0 0 0 0 0 0 0 500 0 0 0 0 0 0 0 0 0 500 0 0 0 0 0 0 0 0 0 500 0 0 0 0 0 0 0 0 0 500 0 0 0 0 0 0 0 0 0 500 0 0 0 0 0 0 0 0 0 500 0 0 0 0 0 0 0 0 0 50 0 0 0 0 0 0 0 0 0 50 0 0 0 0 0 0 0 0 0 500 0 0 0 0 0 0 0 0 0 500 0 0 0 0 0 0 0 0 0 
500 0 0 0 0 0 0 0 0 0 50 0 0 0 0 0 0 0 0 0 100 0 0 0 0 0 0 0 0 0 500 0 0 0 0 0 0 0 0 0 500 0 0 0 0 0 0 0 0 0 500 0 0 0 0 0 0 0 0 0 500 0 0 0 0 0 0 0 0 0 500 0 0 0 0 0 0 0 0 0 500 0 0 0 0 0 0 0 0 0 500 0 0 0 0 0 0 0 0 0 500 0 0 0 0 0 0 0 0 0 500 0 0 0 0 0 0 0 0 0 500 0 0 0 0 0 0 0 0 0 500 0 0 0 0 0 0 0 0 0 500 0 0 0 0 0 0 0 0 0 500 0 0 0 0 0 0 0 0 0 50 0 0 0 0 0 0 0 0 0 50 0 0 0 0 0 0 0 0 0 500 0 0 0 0 0 0 0 0 0 500 0 0 0 0 0 0 0 0 0 
500 0 0 0 0 0 0 0 0 0 50 0 0 0 0 0 0 0 0 0 100 0 0 0 0 0 0 0 0 0 500 0 0 0 0 0 0 0 0 0 500 0 0 0 0 0 0 0 0 0 500 0 0 0 0 0 0 0 0 0 500 0 0 0 0 0 0 0 0 0 500 0 0 0 0 0 0 0 0 0 500 0 0 0 0 0 0 0 0 0 500 0 0 0 0 0 0 0 0 0 500 0 0 0 0 0 0 0 0 0 500 0 0 0 0 0 0 0 0 0 500 0 0 0 0 0 0 0 0 0 500 0 0 0 0 0 0 0 0 0 500 0 0 0 0 0 0 0 0 0 500 0 0 0 0 0 0 0 0 0 50 0 0 0 0 0 0 0 0 0 50 0 0 0 0 0 0 0 0 0 500 0 0 0 0 0 0 0 0 0 500 0 0 0 0 0 0 0 0 0 
500 0 0 0 0 0 0 0 0 0 50 0 0 0 0 0 0 0 0 0 100 0 0 0 0 0 0 0 0 0 500 0 0 0 0 0 0 0 0 0 500 0 0 0 0 0 0 0 0 0 500 0 0 0 0 0 0 0 0 0 500 0 0 0 0 0 0 0 0 0 500 0 0 0 0 0 0 0 0 0 500 0 0 0 0 0 0 0 0 0 500 0 0 0 0 0 0 0 0 0 500 0 0 0 0 0 0 0 0 0 500 0 0 0 0 0 0 0 0 0 500 0 0 0 0 0 0 0 0 0 500 0 0 0 0 0 0 0 0 0 500 0 0 0 0 0 0 0 0 0 500 0 0 0 0 0 0 0 0 0 50 0 0 0 0 0 0 0 0 0 50 0 0 0 0 0 0 0 0 0 500 0 0 0 0 0 0 0 0 0 500 0 0 0 0 0 0 0 0 0 
500 0 0 0 0 0 0 0 0 0 50 0 0 0 0 0 0 0 0 0 100 0 0 0 0 0 0 0 0 0 500 0 0 0 0 0 0 0 0 0 500 0 0 0 0 0 0 0 0 0 500 0 0 0 0 0 0 0 0 0 500 0 0 0 0 0 0 0 0 0 500 0 0 0 0 0 0 0 0 0 500 0 0 0 0 0 0 0 0 0 500 0 0 0 0 0 0 0 0 0 500 0 0 0 0 0 0 0 0 0 500 0 0 0 0 0 0 0 0 0 500 0 0 0 0 0 0 0 0 0 500 0 0 0 0 0 0 0 0 0 500 0 0 0 0 0 0 0 0 0 500 0 0 0 0 0 0 0 0 0 50 0 0 0 0 0 0 0 0 0 50 0 0 0 0 0 0 0 0 0 500 0 0 0 0 0 0 0 0 0 500 0 0 0 0 0 0 0 0 0 
500 0 0 0 0 0 0 0 0 0 50 0 0 0 0 0 0 0 0 0 100 0 0 0 0 0 0 0 0 0 500 0 0 0 0 0 0 0 0 0 500 0 0 0 0 0 0 0 0 0 500 0 0 0 0 0 0 0 0 0 500 0 0 0 0 0 0 0 0 0 500 0 0 0 0 0 0 0 0 0 500 0 0 0 0 0 0 0 0 0 500 0 0 0 0 0 0 0 0 0 500 0 0 0 0 0 0 0 0 0 500 0 0 0 0 0 0 0 0 0 500 0 0 0 0 0 0 0 0 0 500 0 0 0 0 0 0 0 0 0 500 0 0 0 0 0 0 0 0 0 500 0 0 0 0 0 0 0 0 0 50 0 0 0 0 0 0 0 0 0 50 0 0 0 0 0 0 0 0 0 500 0 0 0 0 0 0 0 0 0 500 0 0 0 0 0 0 0 0 0 
500 0 0 0 0 0 0 0 0 0 50 0 0 0 0 0 0 0 0 0 100 0 0 0 0 0 0 0 0 0 500 0 0 0 0 0 0 0 0 0 500 0 0 0 0 0 0 0 0 0 500 0 0 0 0 0 0 0 0 0 500 0 0 0 0 0 0 0 0 0 500 0 0 0 0 0 0 0 0 0 500 0 0 0 0 0 0 0 0 0 500 0 0 0 0 0 0 0 0 0 500 0 0 0 0 0 0 0 0 0 500 0 0 0 0 0 0 0 0 0 500 0 0 0 0 0 0 0 0 0 500 0 0 0 0 0 0 0 0 0 500 0 0 0 0 0 0 0 0 0 500 0 0 0 0 0 0 0 0 0 50 0 0 0 0 0 0 0 0 0 50 0 0 0 0 0 0 0 0 0 500 0 0 0 0 0 0 0 0 0 500 0 0 0 0 0 0 0 0 0 
500 0 0 0 0 0 0 0 0 0 50 0 0 0 0 0 0 0 0 0 100 0 0 0 0 0 0 0 0 0 500 0 0 0 0 0 0 0 0 0 500 0 0 0 0 0 0 0 0 0 500 0 0 0 0 0 0 0 0 0 500 0 0 0 0 0 0 0 0 0 500 0 0 0 0 0 0 0 0 0 500 0 0 0 0 0 0 0 0 0 500 0 0 0 0 0 0 0 0 0 500 0 0 0 0 0 0 0 0 0 500 0 0 0 0 0 0 0 0 0 500 0 0 0 0 0 0 0 0 0 500 0 0 0 0 0 0 0 0 0 500 0 0 0 0 0 0 0 0 0 500 0 0 0 0 0 0 0 0 0 50 0 0 0 0 0 0 0 0 0 50 0 0 0 0 0 0 0 0 0 500 0 0 0 0 0 0 0 0 0 500 0 0 0 0 0 0 0 0 0 
500 0 0 0 0 0 0 0 0 0 50 0 0 0 0 0 0 0 0 0 100 0 0 0 0 0 0 0 0 0 500 0 0 0 0 0 0 0 0 0 500 0 0 0 0 0 0 0 0 0 500 0 0 0 0 0 0 0 0 0 500 0 0 0 0 0 0 0 0 0 500 0 0 0 0 0 0 0 0 0 500 0 0 0 0 0 0 0 0 0 500 0 0 0 0 0 0 0 0 0 500 0 0 0 0 0 0 0 0 0 500 0 0 0 0 0 0 0 0 0 500 0 0 0 0 0 0 0 0 0 500 0 0 0 0 0 0 0 0 0 500 0 0 0 0 0 0 0 0 0 500 0 0 0 0 0 0 0 0 0 50 0 0 0 0 0 0 0 0 0 50 0 0 0 0 0 0 0 0 0 500 0 0 0 0 0 0 0 0 0 500 0 0 0 0 0 0 0 0 0 
