25 23 21 19 17 15 13 11 9 7 0 0 0 0 0 0 0 0 0 0 0 0 0 0 0 0 0 0 0 0 0 0 0 0 0 0 0 0 0 0 0 0 0 0 0 0 0 0 0 0 0 0 0 0 0 0 0 0 0 0 0 0 0 0 0 0 0 0 0 0 0 0 0 0 0 0 0 0 0 0 0 0 0 0 0 0 0 0 0 0 0 0 0 0 0 0 0 0 0 0 0 0 0 0 0 0 0 0 0 0 0 0 0 0 0 0 0 0 0 0 0 0 0 0 0 0 0 0 0 0 0 0 0 0 0 0 0 0 0 0 0 0 0 0 0 0 0 0 0 0 0 0 0 0 0 0 0 0 0 0 0 0 0 0 0 0 0 0 0 0 0 0 0 0 0 0 0 0 0 0 0 0 0 0 0 0 0 0 0 0 0 0 0 0 0 0 0 0 0 0 
23 21 19 18 16 14 12 10 9 7 0 0 0 0 0 0 0 0 0 0 0 0 0 0 0 0 0 0 0 0 0 0 0 0 0 0 0 0 0 0 0 0 0 0 0 0 0 0 0 0 0 0 0 0 0 0 0 0 0 0 0 0 0 0 0 0 0 0 0 0 0 0 0 0 0 0 0 0 0 0 0 0 0 0 1 1 1 2 2 2 3 3 3 3 2 2 2 1 1 1 0 0 0 0 0 0 0 0 0 0 0 0 0 0 0 0 0 0 0 0 0 0 0 0 0 0 0 0 0 0 0 0 1 2 2 3 4 4 5 6 7 7 7 7 6 6 6 5 5 5 4 4 3 3 2 2 2 1 1 0 0 0 0 0 0 0 0 0 0 0 0 0 0 0 0 0 0 0 0 0 0 0 0 0 0 0 0 0 0 0 0 0 0 0 0 0 0 0 0 0 
21 19 17 17 15 13 11 9 9 7 0 0 0 0 0 0 0 0 0 0 0 0 0 0 0 0 0 0 0 0 0 0 0 0 0 0 0 0 0 0 0 0 0 0 0 0 0 0 0 0 0 0 0 0 0 0 0 0 0 0 0 0 0 0 0 0 0 0 0 0 0 0 0 0 0 0 0 0 0 0 0 0 0 0 2 2 2 4 4 4 6 6 6 6 4 4 4 2 2 2 0 0 0 0 0 0 0 0 0 0 0 0 0 0 0 0 0 0 0 0 0 0 0 0 0 0 0 0 0 0 0 0 2 4 4 6 8 8 10 12 14 14 14 14 12 12 12 10 10 10 8 8 6 6 4 4 4 2 2 0 0 0 0 0 0 0 0 0 0 0 0 0 0 0 0 0 0 0 0 0 0 0 0 0 0 0 0 0 0 0 0 0 0 0 0 0 0 0 0 0 
19 17 15 16 14 12 10 8 9 7 0 0 0 0 0 0 0 0 0 0 0 0 0 0 0 0 0 0 0 0 0 0 0 0 0 0 0 0 0 0 0 0 0 0 0 0 0 0 0 0 0 0 0 0 0 0 0 0 0 0 0 0 0 0 0 0 0 0 0 0 0 0 0 0 0 0 0 0 0 0 0 0 0 0 3 3 3 6 6 6 9 9 9 9 6 6 6 3 3 3 0 0 0 0 0 0 0 0 0 0 0 0 0 0 0 0 0 0 0 0 0 0 0 0 0 0 0 0 0 0 0 0 3 6 6 9 12 12 15 18 21 21 21 21 18 18 18 15 15 15 12 12 9 9 6 6 6 3 3 0 0 0 0 0 0 0 0 0 0 0 0 0 0 0 0 0 0 0 0 0 0 0 0 0 0 0 0 0 0 0 0 0 0 0 0 0 0 0 0 0 
17 15 13 15 13 11 9 7 9 7 0 0 0 0 0 0 0 0 0 0 0 0 0 0 0 0 0 0 0 0 0 0 0 0 0 0 0 0 0 0 0 0 0 0 0 0 0 0 0 0 0 0 0 0 0 0 0 0 0 0 0 0 0 0 0 0 0 0 0 0 0 0 0 0 0 0 0 0 0 0 0 0 0 0 4 4 4 8 8 8 12 12 12 12 8 8 8 4 4 4 0 0 0 0 0 0 0 0 0 0 0 0 0 0 0 0 0 0 0 0 0 0 0 0 0 0 0 0 0 0 0 0 4 8 8 12 16 16 20 24 28 28 28 28 24 24 24 20 20 20 16 16 12 12 8 8 8 4 4 0 0 0 0 0 0 0 0 0 0 0 0 0 0 0 0 0 0 0 0 0 0 0 0 0 0 0 0 0 0 0 0 0 0 0 0 0 0 0 0 0 
15 13 11 14 12 10 8 6 9 7 0 0 0 0 0 0 0 0 0 0 0 0 0 0 0 0 0 0 0 0 0 0 0 0 0 0 0 0 0 0 0 0 0 0 0 0 0 0 0 0 0 0 0 0 0 0 0 0 0 0 0 0 0 0 0 0 0 0 0 0 0 0 0 0 0 0 0 0 0 0 0 0 0 0 5 5 5 10 10 10 15 15 15 15 10 10 10 5 5 5 0 0 0 0 0 0 0 0 0 0 0 0 0 0 0 0 0 0 0 0 0 0 0 0 0 0 0 0 0 0 0 0 5 10 10 15 20 20 25 30 35 35 35 35 30 30 30 25 25 25 20 20 15 15 10 10 10 5 5 0 0 0 0 0 0 0 0 0 0 0 0 0 0 0 0 0 0 0 0 0 0 0 0 0 0 0 0 0 0 0 0 0 0 0 0 0 0 0 0 0 
13 11 9 13 11 9 7 5 9 7 0 0 0 0 0 0 0 0 0 0 0 0 0 0 0 0 0 0 0 0 0 0 0 0 0 0 0 0 0 0 0 0 0 0 0 0 0 0 0 0 0 0 0 0 0 0 0 0 0 0 0 0 0 0 0 0 0 0 0 0 0 0 0 0 0 0 0 0 0 0 0 0 0 0 6 6 6 12 12 12 18 18 18 18 12 12 12 6 6 6 0 0 0 0 0 0 0 0 0 0 0 0 0 0 0 0 0 0 0 0 0 0 0 0 0 0 0 0 0 0 0 0 6 12 12 18 24 24 30 36 42 42 42 42 36 36 36 30 30 30 24 24 18 18 12 12 12 6 6 0 0 0 0 0 0 0 0 0 0 0 0 0 0 0 0 0 0 0 0 0 0 0 0 0 0 0 0 0 0 0 0 0 0 0 0 0 0 0 0 0 
11 9 7 12 10 8 6 4 9 7 0 0 0 0 0 0 0 0 0 0 0 0 0 0 0 0 0 0 0 0 0 0 0 0 0 0 0 0 0 0 0 0 0 0 0 0 0 0 0 0 0 0 0 0 0 0 0 0 0 0 0 0 0 0 0 0 0 0 0 0 0 0 0 0 0 0 0 0 0 0 0 0 0 0 7 7 7 14 14 14 21 21 21 21 14 14 14 7 7 7 0 0 0 0 0 0 0 0 0 0 0 0 0 0 0 0 0 0 0 0 0 0 0 0 0 0 0 0 0 0 0 0 7 14 14 21 28 28 35 42 49 49 49 49 42 42 42 35 35 35 28 28 21 21 14 14 14 7 7 0 0 0 0 0 0 0 0 0 0 0 0 0 0 0 0 0 0 0 0 0 0 0 0 0 0 0 0 0 0 0 0 0 0 0 0 0 0 0 0 0 
9 7 5 11 9 7 5 3 9 7 0 0 0 0 0 0 0 0 0 0 0 0 0 0 0 0 0 0 0 0 0 0 0 0 0 0 0 0 0 0 0 0 0 0 0 0 0 0 0 0 0 0 0 0 0 0 0 0 0 0 0 0 0 0 0 0 0 0 0 0 0 0 0 0 0 0 0 0 0 0 0 0 0 0 8 8 8 16 16 16 24 24 24 24 16 16 16 8 8 8 0 0 0 0 0 0 0 0 0 0 0 0 0 0 0 0 0 0 0 0 0 0 0 0 0 0 0 0 0 0 0 0 8 16 16 24 32 32 40 48 56 56 56 56 48 48 48 40 40 40 32 32 24 24 16 16 16 8 8 0 0 0 0 0 0 0 0 0 0 0 0 0 0 0 0 0 0 0 0 0 0 0 0 0 0 0 0 0 0 0 0 0 0 0 0 0 0 0 0 0 
7 5 3 10 8 6 4 2 9 7 0 0 0 0 0 0 0 0 0 0 0 0 0 0 0 0 0 0 0 0 0 0 0 0 0 0 0 0 0 0 0 0 0 0 0 0 0 0 0 0 0 0 0 0 0 0 0 0 0 0 0 0 0 0 0 0 0 0 0 0 0 0 0 0 0 0 0 0 0 0 0 0 0 0 9 9 9 18 18 18 27 27 27 27 18 18 18 9 9 9 0 0 0 0 0 0 0 0 0 0 0 0 0 0 0 0 0 0 0 0 0 0 0 0 0 0 0 0 0 0 0 0 9 18 18 27 36 36 45 54 63 63 63 63 54 54 54 45 45 45 36 36 27 27 18 18 18 9 9 0 0 0 0 0 0 0 0 0 0 0 0 0 0 0 0 0 0 0 0 0 0 0 0 0 0 0 0 0 0 0 0 0 0 0 0 0 0 0 0 0 
0 0 0 0 0 0 0 0 0 0 0 0 0 0 0 0 0 0 0 0 0 0 0 0 0 0 0 0 0 0 0 0 0 0 0 0 0 0 0 0 0 0 0 0 0 0 0 0 0 0 0 0 0 0 0 0 0 0 0 0 0 0 0 0 0 0 0 0 0 0 0 0 0 0 0 0 0 0 0 0 0 3 6 9 12 15 18 21 24 27 39 36 33 30 27 24 21 18 15 12 0 0 0 0 0 0 0 0 0 0 0 0 0 0 0 0 0 0 0 0 0 0 0 0 0 0 0 0 0 0 0 7 14 21 28 35 42 49 56 63 79 76 73 70 67 64 61 58 55 52 45 41 37 33 29 25 21 17 13 9 0 0 0 0 0 0 0 0 0 0 0 0 0 0 0 0 0 0 0 0 0 0 0 0 0 0 0 0 0 0 0 0 0 0 0 0 0 0 0 0 
0 0 0 0 0 0 0 0 0 0 0 0 0 0 0 0 0 0 0 0 0 0 1 2 3 4 4 5 6 7 8 8 7 6 5 4 4 3 2 1 0 0 0 0 0 0 0 0 0 0 0 0 0 0 0 0 0 0 0 0 0 0 0 0 0 0 0 0 0 0 0 0 0 0 0 0 0 0 0 0 0 3 7 10 14 17 21 24 28 31 43 40 37 34 30 27 24 21 18 14 3 3 2 2 2 1 1 1 0 0 0 0 0 0 0 0 0 0 0 0 0 0 0 0 0 0 0 0 0 0 0 7 13 19 26 32 38 45 51 57 72 70 68 66 64 63 61 58 56 54 50 45 41 36 32 27 23 18 14 9 0 0 0 0 0 0 0 0 0 0 0 0 0 1 1 2 2 2 3 3 4 4 5 5 6 6 6 7 7 8 9 9 9 9 9 9 9 9 9 9 
0 0 0 0 0 0 0 0 0 0 0 0 0 0 0 0 0 0 0 0 0 0 2 4 6 8 8 10 12 14 16 16 14 12 10 8 8 6 4 2 0 0 0 0 0 0 0 0 0 0 0 0 0 0 0 0 0 0 0 0 0 0 0 0 0 0 0 0 0 0 0 0 0 0 0 0 0 0 0 0 0 3 8 11 16 19 24 27 32 35 47 44 41 38 33 30 27 24 21 16 6 6 4 4 4 2 2 2 0 0 0 0 0 0 0 0 0 0 0 0 0 0 0 0 0 0 0 0 0 0 0 7 12 17 24 29 34 41 46 51 65 64 63 62 61 62 61 58 57 56 55 49 45 39 35 29 25 19 15 9 0 0 0 0 0 0 0 0 0 0 0 0 0 2 2 4 4 4 6 6 8 8 10 10 12 12 12 14 14 16 18 18 18 18 18 18 18 18 18 18 
0 0 0 0 0 0 0 0 0 0 0 0 0 0 0 0 0 0 0 0 0 0 3 6 9 12 12 15 18 21 24 24 21 18 15 12 12 9 6 3 0 0 0 0 0 0 0 0 0 0 0 0 0 0 0 0 0 0 0 0 0 0 0 0 0 0 0 0 0 0 0 0 0 0 0 0 0 0 0 0 0 3 9 12 18 21 27 30 36 39 51 48 45 42 36 33 30 27 24 18 9 9 6 6 6 3 3 3 0 0 0 0 0 0 0 0 0 0 0 0 0 0 0 0 0 0 0 0 0 0 0 7 11 15 22 26 30 37 41 45 58 58 58 58 58 61 61 58 58 58 60 53 49 42 38 31 27 20 16 9 0 0 0 0 0 0 0 0 0 0 0 0 0 3 3 6 6 6 9 9 12 12 15 15 18 18 18 21 21 24 27 27 27 27 27 27 27 27 27 27 
0 0 0 0 0 0 0 0 0 0 0 0 0 0 0 0 0 0 0 0 0 0 4 8 12 16 16 20 24 28 32 32 28 24 20 16 16 12 8 4 0 0 0 0 0 0 0 0 0 0 0 0 0 0 0 0 0 0 0 0 0 0 0 0 0 0 0 0 0 0 0 0 0 0 0 0 0 0 0 0 0 3 10 13 20 23 30 33 40 43 55 52 49 46 39 36 33 30 27 20 12 12 8 8 8 4 4 4 0 0 0 0 0 0 0 0 0 0 0 0 0 0 0 0 0 0 0 0 0 0 0 7 10 13 20 23 26 33 36 39 51 52 53 54 55 60 61 58 59 60 65 57 53 45 41 33 29 21 17 9 0 0 0 0 0 0 0 0 0 0 0 0 0 4 4 8 8 8 12 12 16 16 20 20 24 24 24 28 28 32 36 36 36 36 36 36 36 36 36 36 
0 0 0 0 0 0 0 0 0 0 0 0 0 0 0 0 0 0 0 0 0 0 5 10 15 20 20 25 30 35 40 40 35 30 25 20 20 15 10 5 0 0 0 0 0 0 0 0 0 0 0 0 0 0 0 0 0 0 0 0 0 0 0 0 0 0 0 0 0 0 0 0 0 0 0 0 0 0 0 0 0 3 11 14 22 25 33 36 44 47 59 56 53 50 42 39 36 33 30 22 15 15 10 10 10 5 5 5 0 0 0 0 0 0 0 0 0 0 0 0 0 0 0 0 0 0 0 0 0 0 0 7 9 11 18 20 22 29 31 33 44 46 48 50 52 59 61 58 60 62 70 61 57 48 44 35 31 22 18 9 0 0 0 0 0 0 0 0 0 0 0 0 0 5 5 10 10 10 15 15 20 20 25 25 30 30 30 35 35 40 45 45 45 45 45 45 45 45 45 45 
0 0 0 0 0 0 0 0 0 0 0 0 0 0 0 0 0 0 0 0 0 0 6 12 18 24 24 30 36 42 48 48 42 36 30 24 24 18 12 6 0 0 0 0 0 0 0 0 0 0 0 0 0 0 0 0 0 0 0 0 0 0 0 0 0 0 0 0 0 0 0 0 0 0 0 0 0 0 0 0 0 3 12 15 24 27 36 39 48 51 63 60 57 54 45 42 39 36 33 24 18 18 12 12 12 6 6 6 0 0 0 0 0 0 0 0 0 0 0 0 0 0 0 0 0 0 0 0 0 0 0 7 8 9 16 17 18 25 26 27 37 40 43 46 49 58 61 58 61 64 75 65 61 51 47 37 33 23 19 9 0 0 0 0 0 0 0 0 0 0 0 0 0 6 6 12 12 12 18 18 24 24 30 30 36 36 36 42 42 48 54 54 54 54 54 54 54 54 54 54 
0 0 0 0 0 0 0 0 0 0 0 0 0 0 0 0 0 0 0 0 0 0 7 14 21 28 28 35 42 49 56 56 49 42 35 28 28 21 14 7 0 0 0 0 0 0 0 0 0 0 0 0 0 0 0 0 0 0 0 0 0 0 0 0 0 0 0 0 0 0 0 0 0 0 0 0 0 0 0 0 0 3 13 16 26 29 39 42 52 55 67 64 61 58 48 45 42 39 36 26 21 21 14 14 14 7 7 7 0 0 0 0 0 0 0 0 0 0 0 0 0 0 0 0 0 0 0 0 0 0 0 7 7 7 14 14 14 21 21 21 30 34 38 42 46 57 61 58 62 66 80 69 65 54 50 39 35 24 20 9 0 0 0 0 0 0 0 0 0 0 0 0 0 7 7 14 14 14 21 21 28 28 35 35 42 42 42 49 49 56 63 63 63 63 63 63 63 63 63 63 
0 0 0 0 0 0 0 0 0 0 0 0 0 0 0 0 0 0 0 0 0 0 8 16 24 32 32 40 48 56 64 64 56 48 40 32 32 24 16 8 0 0 0 0 0 0 0 0 0 0 0 0 0 0 0 0 0 0 0 0 0 0 0 0 0 0 0 0 0 0 0 0 0 0 0 0 0 0 0 0 0 3 14 17 28 31 42 45 56 59 71 68 65 62 51 48 45 42 39 28 24 24 16 16 16 8 8 8 0 0 0 0 0 0 0 0 0 0 0 0 0 0 0 0 0 0 0 0 0 0 0 7 6 5 12 11 10 17 16 15 23 28 33 38 43 56 61 58 63 68 85 73 69 57 53 41 37 25 21 9 0 0 0 0 0 0 0 0 0 0 0 0 0 8 8 16 16 16 24 24 32 32 40 40 48 48 48 56 56 64 72 72 72 72 72 72 72 72 72 72 
0 0 0 0 0 0 0 0 0 0 0 0 0 0 0 0 0 0 0 0 0 0 9 18 27 36 36 45 54 63 72 72 63 54 45 36 36 27 18 9 0 0 0 0 0 0 0 0 0 0 0 0 0 0 0 0 0 0 0 0 0 0 0 0 0 0 0 0 0 0 0 0 0 0 0 0 0 0 0 0 0 3 15 18 30 33 45 48 60 63 75 72 69 66 54 51 48 45 42 30 27 27 18 18 18 9 9 9 0 0 0 0 0 0 0 0 0 0 0 0 0 0 0 0 0 0 0 0 0 0 0 7 5 3 10 8 6 13 11 9 16 22 28 34 40 55 61 58 64 70 90 77 73 60 56 43 39 26 22 9 0 0 0 0 0 0 0 0 0 0 0 0 0 9 9 18 18 18 27 27 36 36 45 45 54 54 54 63 63 72 81 81 81 81 81 81 81 81 81 81 
0 0 0 0 0 0 0 0 0 0 0 0 0 0 0 0 0 0 0 0 0 8 16 24 32 40 48 56 64 72 89 81 73 65 57 49 41 33 25 17 0 0 0 0 0 0 0 0 0 0 0 0 0 0 0 0 0 0 0 0 0 0 0 0 0 0 0 0 0 0 0 0 0 0 0 0 0 0 0 0 0 8 16 24 32 40 48 56 64 72 86 81 76 71 66 61 56 51 46 41 33 30 27 24 21 18 15 12 9 6 0 0 0 0 0 0 0 0 0 0 0 0 0 0 0 0 0 0 0 0 0 0 0 0 0 0 0 0 0 0 0 9 18 27 36 45 54 63 72 81 97 88 79 70 61 52 43 34 25 16 0 0 0 0 0 0 0 0 0 0 0 4 8 12 16 20 24 28 32 36 45 49 53 57 61 65 69 73 77 81 93 93 93 93 93 93 93 93 93 93 
0 0 0 0 0 0 0 0 0 0 0 0 0 0 0 0 0 0 0 0 0 8 15 22 29 36 44 51 58 65 81 73 66 59 52 45 37 30 23 16 0 0 0 0 0 0 0 0 0 0 0 0 0 0 0 0 0 0 0 0 0 0 0 0 0 0 0 0 0 0 0 0 0 0 0 0 0 0 0 0 0 8 15 22 29 36 44 51 58 65 78 73 69 64 60 55 51 46 42 37 30 27 25 22 19 17 14 11 9 6 0 0 0 0 0 0 0 0 0 0 0 0 0 0 0 0 0 0 0 0 0 0 0 0 0 0 0 0 0 0 0 9 17 25 33 41 49 57 65 73 88 80 72 63 55 47 39 31 23 15 0 0 0 0 0 0 0 0 0 0 0 4 8 12 16 19 23 27 31 35 44 48 51 55 59 62 66 70 73 77 89 89 89 89 89 89 89 89 89 89 
0 0 0 0 0 0 0 0 0 0 0 0 0 0 0 0 0 0 0 0 0 8 14 20 26 32 40 46 52 58 73 65 59 53 47 41 33 27 21 15 0 0 0 0 0 0 0 0 0 0 0 0 0 0 0 0 0 0 0 0 0 0 0 0 0 0 0 0 0 0 0 0 0 0 0 0 0 0 0 0 0 8 14 20 26 32 40 46 52 58 70 65 62 57 54 49 46 41 38 33 27 24 23 20 17 16 13 10 9 6 0 0 0 0 0 0 0 0 0 0 0 0 0 0 0 0 0 0 0 0 0 0 0 0 0 0 0 0 0 0 0 9 16 23 30 37 44 51 58 65 79 72 65 56 49 42 35 28 21 14 0 0 0 0 0 0 0 0 0 0 0 4 8 12 16 18 22 26 30 34 43 47 49 53 57 59 63 67 69 73 85 85 85 85 85 85 85 85 85 85 
0 0 0 0 0 0 0 0 0 0 0 0 0 0 0 0 0 0 0 0 0 8 13 18 23 28 36 41 46 51 65 57 52 47 42 37 29 24 19 14 0 0 0 0 0 0 0 0 0 0 0 0 0 0 0 0 0 0 0 0 0 0 0 0 0 0 0 0 0 0 0 0 0 0 0 0 0 0 0 0 0 8 13 18 23 28 36 41 46 51 62 57 55 50 48 43 41 36 34 29 24 21 21 18 15 15 12 9 9 6 0 0 0 0 0 0 0 0 0 0 0 0 0 0 0 0 0 0 0 0 0 0 0 0 0 0 0 0 0 0 0 9 15 21 27 33 39 45 51 57 70 64 58 49 43 37 31 25 19 13 0 0 0 0 0 0 0 0 0 0 0 4 8 12 16 17 21 25 29 33 42 46 47 51 55 56 60 64 65 69 81 81 81 81 81 81 81 81 81 81 
0 0 0 0 0 0 0 0 0 0 0 0 0 0 0 0 0 0 0 0 0 8 12 16 20 24 32 36 40 44 57 49 45 41 37 33 25 21 17 13 0 0 0 0 0 0 0 0 0 0 0 0 0 0 0 0 0 0 0 0 0 0 0 0 0 0 0 0 0 0 0 0 0 0 0 0 0 0 0 0 0 8 12 16 20 24 32 36 40 44 54 49 48 43 42 37 36 31 30 25 21 18 19 16 13 14 11 8 9 6 0 0 0 0 0 0 0 0 0 0 0 0 0 0 0 0 0 0 0 0 0 0 0 0 0 0 0 0 0 0 0 9 14 19 24 29 34 39 44 49 61 56 51 42 37 32 27 22 17 12 0 0 0 0 0 0 0 0 0 0 0 4 8 12 16 16 20 24 28 32 41 45 45 49 53 53 57 61 61 65 77 77 77 77 77 77 77 77 77 77 
0 0 0 0 0 0 0 0 0 0 0 0 0 0 0 0 0 0 0 0 0 8 11 14 17 20 28 31 34 37 49 41 38 35 32 29 21 18 15 12 0 0 0 0 0 0 0 0 0 0 0 0 0 0 0 0 0 0 0 0 0 0 0 0 0 0 0 0 0 0 0 0 0 0 0 0 0 0 0 0 0 8 11 14 17 20 28 31 34 37 46 41 41 36 36 31 31 26 26 21 18 15 17 14 11 13 10 7 9 6 0 0 0 0 0 0 0 0 0 0 0 0 0 0 0 0 0 0 0 0 0 0 0 0 0 0 0 0 0 0 0 9 13 17 21 25 29 33 37 41 52 48 44 35 31 27 23 19 15 11 0 0 0 0 0 0 0 0 0 0 0 4 8 12 16 15 19 23 27 31 40 44 43 47 51 50 54 58 57 61 73 73 73 73 73 73 73 73 73 73 
0 0 0 0 0 0 0 0 0 0 0 0 0 0 0 0 0 0 0 0 0 8 10 12 14 16 24 26 28 30 41 33 31 29 27 25 17 15 13 11 0 0 0 0 0 0 0 0 0 0 0 0 0 0 0 0 0 0 0 0 0 0 0 0 0 0 0 0 0 0 0 0 0 0 0 0 0 0 0 0 0 8 10 12 14 16 24 26 28 30 38 33 34 29 30 25 26 21 22 17 15 12 15 12 9 12 9 6 9 6 0 0 0 0 0 0 0 0 0 0 0 0 0 0 0 0 0 0 0 0 0 0 0 0 0 0 0 0 0 0 0 9 12 15 18 21 24 27 30 33 43 40 37 28 25 22 19 16 13 10 0 0 0 0 0 0 0 0 0 0 0 4 8 12 16 14 18 22 26 30 39 43 41 45 49 47 51 55 53 57 69 69 69 69 69 69 69 69 69 69 
0 0 0 0 0 0 0 0 0 0 0 0 0 0 0 0 0 0 0 0 0 8 9 10 11 12 20 21 22 23 33 25 24 23 22 21 13 12 11 10 0 0 0 0 0 0 0 0 0 0 0 0 0 0 0 0 0 0 0 0 0 0 0 0 0 0 0 0 0 0 0 0 0 0 0 0 0 0 0 0 0 8 9 10 11 12 20 21 22 23 30 25 27 22 24 19 21 16 18 13 12 9 13 10 7 11 8 5 9 6 0 0 0 0 0 0 0 0 0 0 0 0 0 0 0 0 0 0 0 0 0 0 0 0 0 0 0 0 0 0 0 9 11 13 15 17 19 21 23 25 34 32 30 21 19 17 15 13 11 9 0 0 0 0 0 0 0 0 0 0 0 4 8 12 16 13 17 21 25 29 38 42 39 43 47 44 48 52 49 53 65 65 65 65 65 65 65 65 65 65 
0 0 0 0 0 0 0 0 0 0 0 0 0 0 0 0 0 0 0 0 0 8 8 8 8 8 16 16 16 16 25 17 17 17 17 17 9 9 9 9 0 0 0 0 0 0 0 0 0 0 0 0 0 0 0 0 0 0 0 0 0 0 0 0 0 0 0 0 0 0 0 0 0 0 0 0 0 0 0 0 0 8 8 8 8 8 16 16 16 16 22 17 20 15 18 13 16 11 14 9 9 6 11 8 5 10 7 4 9 6 0 0 0 0 0 0 0 0 0 0 0 0 0 0 0 0 0 0 0 0 0 0 0 0 0 0 0 0 0 0 0 9 10 11 12 13 14 15 16 17 25 24 23 14 13 12 11 10 9 8 0 0 0 0 0 0 0 0 0 0 0 4 8 12 16 12 16 20 24 28 37 41 37 41 45 41 45 49 45 49 61 61 61 61 61 61 61 61 61 61 
0 0 0 0 0 0 0 0 0 0 0 0 0 0 0 0 0 0 0 0 0 8 7 6 5 4 12 11 10 9 17 9 10 11 12 13 5 6 7 8 0 0 0 0 0 0 0 0 0 0 0 0 0 0 0 0 0 0 0 0 0 0 0 0 0 0 0 0 0 0 0 0 0 0 0 0 0 0 0 0 0 8 7 6 5 4 12 11 10 9 14 9 13 8 12 7 11 6 10 5 6 3 9 6 3 9 6 3 9 6 0 0 0 0 0 0 0 0 0 0 0 0 0 0 0 0 0 0 0 0 0 0 0 0 0 0 0 0 0 0 0 9 9 9 9 9 9 9 9 9 16 16 16 7 7 7 7 7 7 7 0 0 0 0 0 0 0 0 0 0 0 4 8 12 16 11 15 19 23 27 36 40 35 39 43 38 42 46 41 45 57 57 57 57 57 57 57 57 57 57 
0 0 0 0 0 0 0 0 0 0 0 0 0 0 0 0 0 0 0 0 0 0 0 0 0 0 0 0 0 0 0 0 0 0 0 0 0 0 0 0 0 0 0 0 0 0 0 0 0 0 0 0 0 0 0 0 0 0 0 0 0 0 0 0 0 0 0 0 0 0 0 0 0 0 0 0 0 0 0 0 0 0 0 0 0 0 0 0 0 0 0 0 0 0 0 0 0 0 0 0 0 0 0 0 0 0 0 0 0 0 0 0 0 0 0 0 0 0 0 0 0 0 0 0 0 0 0 0 0 0 0 0 0 0 0 0 0 0 0 0 0 0 0 0 0 0 0 0 0 0 0 0 0 0 0 0 0 0 0 0 0 0 0 0 0 0 0 0 0 0 0 2 4 6 8 10 12 14 16 18 29 30 31 32 33 34 35 36 37 38 46 46 46 46 46 46 46 46 46 46 
0 0 0 0 0 0 0 0 0 0 0 0 0 0 0 0 0 0 0 0 0 0 0 0 0 0 0 0 0 0 0 0 0 0 0 0 0 0 0 0 0 0 0 0 0 0 0 0 0 0 0 0 0 0 0 0 0 0 0 0 0 0 0 0 0 0 0 0 0 0 0 0 0 0 0 0 0 0 0 0 0 0 0 1 1 2 2 2 3 3 4 4 4 4 4 4 4 4 4 4 3 3 3 2 2 2 1 1 1 1 0 0 0 0 0 0 0 0 0 0 0 0 0 0 0 0 0 0 0 0 0 0 0 0 0 0 0 0 0 0 0 0 0 0 0 0 0 0 0 0 0 0 0 0 0 0 0 0 0 0 0 0 0 0 0 0 0 0 0 0 0 2 5 7 10 13 15 18 20 23 34 34 34 34 34 34 35 35 36 36 42 42 42 42 42 42 42 42 42 42 
0 0 0 0 0 0 0 0 0 0 0 0 0 0 0 0 0 0 0 0 0 0 0 0 0 0 0 0 0 0 0 0 0 0 0 0 0 0 0 0 0 0 0 0 0 0 0 0 0 0 0 0 0 0 0 0 0 0 0 0 0 0 0 0 0 0 0 0 0 0 0 0 0 0 0 0 0 0 0 0 0 0 0 2 2 4 4 4 6 6 8 8 8 8 8 8 8 8 8 8 6 6 6 4 4 4 2 2 2 2 0 0 0 0 0 0 0 0 0 0 0 0 0 0 0 0 0 0 0 0 0 0 0 0 0 0 0 0 0 0 0 0 0 0 0 0 0 0 0 0 0 0 0 0 0 0 0 0 0 0 0 0 0 0 0 0 0 0 0 0 0 2 6 8 12 16 18 22 24 28 39 38 37 36 35 34 35 34 35 34 38 38 38 38 38 38 38 38 38 38 
0 0 0 0 0 0 0 0 0 0 0 0 0 0 0 0 0 0 0 0 0 0 0 0 0 0 0 0 0 0 0 0 0 0 0 0 0 0 0 0 0 0 0 0 0 0 0 0 0 0 0 0 0 0 0 0 0 0 0 0 0 0 0 0 0 0 0 0 0 0 0 0 0 0 0 0 0 0 0 0 0 0 0 3 3 6 6 6 9 9 12 12 12 12 12 12 12 12 12 12 9 9 9 6 6 6 3 3 3 3 0 0 0 0 0 0 0 0 0 0 0 0 0 0 0 0 0 0 0 0 0 0 0 0 0 0 0 0 0 0 0 0 0 0 0 0 0 0 0 0 0 0 0 0 0 0 0 0 0 0 0 0 0 0 0 0 0 0 0 0 0 2 7 9 14 19 21 26 28 33 44 42 40 38 36 34 35 33 34 32 34 34 34 34 34 34 34 34 34 34 
0 0 0 0 0 0 0 0 0 0 0 0 0 0 0 0 0 0 0 0 0 0 0 0 0 0 0 0 0 0 0 0 0 0 0 0 0 0 0 0 0 0 0 0 0 0 0 0 0 0 0 0 0 0 0 0 0 0 0 0 0 0 0 0 0 0 0 0 0 0 0 0 0 0 0 0 0 0 0 0 0 0 0 4 4 8 8 8 12 12 16 16 16 16 16 16 16 16 16 16 12 12 12 8 8 8 4 4 4 4 0 0 0 0 0 0 0 0 0 0 0 0 0 0 0 0 0 0 0 0 0 0 0 0 0 0 0 0 0 0 0 0 0 0 0 0 0 0 0 0 0 0 0 0 0 0 0 0 0 0 0 0 0 0 0 0 0 0 0 0 0 2 8 10 16 22 24 30 32 38 49 46 43 40 37 34 35 32 33 30 30 30 30 30 30 30 30 30 30 30 
0 0 0 0 0 0 0 0 0 0 0 0 0 0 0 0 0 0 0 0 0 0 0 0 0 0 0 0 0 0 0 0 0 0 0 0 0 0 0 0 0 0 0 0 0 0 0 0 0 0 0 0 0 0 0 0 0 0 0 0 0 0 0 0 0 0 0 0 0 0 0 0 0 0 0 0 0 0 0 0 0 0 0 5 5 10 10 10 15 15 20 20 20 20 20 20 20 20 20 20 15 15 15 10 10 10 5 5 5 5 0 0 0 0 0 0 0 0 0 0 0 0 0 0 0 0 0 0 0 0 0 0 0 0 0 0 0 0 0 0 0 0 0 0 0 0 0 0 0 0 0 0 0 0 0 0 0 0 0 0 0 0 0 0 0 0 0 0 0 0 0 2 9 11 18 25 27 34 36 43 54 50 46 42 38 34 35 31 32 28 26 26 26 26 26 26 26 26 26 26 
0 0 0 0 0 0 0 0 0 0 0 0 0 0 0 0 0 0 0 0 0 0 0 0 0 0 0 0 0 0 0 0 0 0 0 0 0 0 0 0 0 0 0 0 0 0 0 0 0 0 0 0 0 0 0 0 0 0 0 0 0 0 0 0 0 0 0 0 0 0 0 0 0 0 0 0 0 0 0 0 0 0 0 6 6 12 12 12 18 18 24 24 24 24 24 24 24 24 24 24 18 18 18 12 12 12 6 6 6 6 0 0 0 0 0 0 0 0 0 0 0 0 0 0 0 0 0 0 0 0 0 0 0 0 0 0 0 0 0 0 0 0 0 0 0 0 0 0 0 0 0 0 0 0 0 0 0 0 0 0 0 0 0 0 0 0 0 0 0 0 0 2 10 12 20 28 30 38 40 48 59 54 49 44 39 34 35 30 31 26 22 22 22 22 22 22 22 22 22 22 
0 0 0 0 0 0 0 0 0 0 0 0 0 0 0 0 0 0 0 0 0 0 0 0 0 0 0 0 0 0 0 0 0 0 0 0 0 0 0 0 0 0 0 0 0 0 0 0 0 0 0 0 0 0 0 0 0 0 0 0 0 0 0 0 0 0 0 0 0 0 0 0 0 0 0 0 0 0 0 0 0 0 0 7 7 14 14 14 21 21 28 28 28 28 28 28 28 28 28 28 21 21 21 14 14 14 7 7 7 7 0 0 0 0 0 0 0 0 0 0 0 0 0 0 0 0 0 0 0 0 0 0 0 0 0 0 0 0 0 0 0 0 0 0 0 0 0 0 0 0 0 0 0 0 0 0 0 0 0 0 0 0 0 0 0 0 0 0 0 0 0 2 11 13 22 31 33 42 44 53 64 58 52 46 40 34 35 29 30 24 18 18 18 18 18 18 18 18 18 18 
0 0 0 0 0 0 0 0 0 0 0 0 0 0 0 0 0 0 0 0 0 0 0 0 0 0 0 0 0 0 0 0 0 0 0 0 0 0 0 0 0 0 0 0 0 0 0 0 0 0 0 0 0 0 0 0 0 0 0 0 0 0 0 0 0 0 0 0 0 0 0 0 0 0 0 0 0 0 0 0 0 0 0 8 8 16 16 16 24 24 32 32 32 32 32 32 32 32 32 32 24 24 24 16 16 16 8 8 8 8 0 0 0 0 0 0 0 0 0 0 0 0 0 0 0 0 0 0 0 0 0 0 0 0 0 0 0 0 0 0 0 0 0 0 0 0 0 0 0 0 0 0 0 0 0 0 0 0 0 0 0 0 0 0 0 0 0 0 0 0 0 2 12 14 24 34 36 46 48 58 69 62 55 48 41 34 35 28 29 22 14 14 14 14 14 14 14 14 14 14 
0 0 0 0 0 0 0 0 0 0 0 0 0 0 0 0 0 0 0 0 0 0 0 0 0 0 0 0 0 0 0 0 0 0 0 0 0 0 0 0 0 0 0 0 0 0 0 0 0 0 0 0 0 0 0 0 0 0 0 0 0 0 0 0 0 0 0 0 0 0 0 0 0 0 0 0 0 0 0 0 0 0 0 9 9 18 18 18 27 27 36 36 36 36 36 36 36 36 36 36 27 27 27 18 18 18 9 9 9 9 0 0 0 0 0 0 0 0 0 0 0 0 0 0 0 0 0 0 0 0 0 0 0 0 0 0 0 0 0 0 0 0 0 0 0 0 0 0 0 0 0 0 0 0 0 0 0 0 0 0 0 0 0 0 0 0 0 0 0 0 0 2 13 15 26 37 39 50 52 63 74 66 58 50 42 34 35 27 28 20 10 10 10 10 10 10 10 10 10 10 
0 0 0 0 0 0 0 0 0 0 0 0 0 0 0 0 0 0 0 0 0 0 0 0 0 0 0 0 0 0 0 0 0 0 0 0 0 0 0 0 0 0 0 0 0 0 0 0 0 0 0 0 0 0 0 0 0 0 0 0 0 0 0 0 0 0 0 0 0 0 0 0 0 0 0 0 0 0 0 0 0 4 8 12 16 20 24 28 32 36 42 42 42 42 42 42 42 42 42 42 37 34 31 28 25 22 19 16 13 10 0 0 0 0 0 0 0 0 0 0 0 0 0 0 0 0 0 0 0 0 0 0 0 0 0 0 0 0 0 0 0 0 0 0 0 0 0 0 0 0 0 0 0 0 0 0 0 0 0 0 0 0 0 0 0 0 0 0 0 0 0 8 16 24 32 40 48 56 64 72 82 74 66 58 50 42 34 26 18 10 0 0 0 0 0 0 0 0 0 0 
0 0 0 0 0 0 0 0 0 0 0 0 1 2 2 3 4 4 5 6 7 7 6 6 5 5 5 4 4 3 2 2 2 2 1 1 1 1 1 0 0 0 0 0 0 0 0 0 0 0 0 0 1 2 3 4 4 5 6 7 8 7 7 6 6 5 5 4 4 3 2 2 2 2 2 2 2 2 2 2 2 6 10 14 18 21 25 29 33 37 42 43 43 43 43 44 44 44 45 45 41 38 34 31 27 24 20 17 13 10 0 0 0 0 0 0 0 0 0 0 0 0 1 2 2 3 4 4 5 6 7 7 6 5 4 4 3 2 2 1 0 0 0 0 0 0 0 0 0 0 0 0 0 0 0 0 0 0 0 0 0 0 0 0 0 0 0 0 0 0 0 8 15 22 29 36 44 51 58 65 74 67 60 53 45 38 31 24 17 9 0 0 0 0 0 0 0 0 0 0 
0 0 0 0 0 0 0 0 0 0 0 0 2 4 4 6 8 8 10 12 14 14 12 12 10 10 10 8 8 6 4 4 4 4 2 2 2 2 2 0 0 0 0 0 0 0 0 0 0 0 0 0 2 4 6 8 8 10 12 14 16 14 14 12 12 10 10 8 8 6 4 4 4 4 4 4 4 4 4 4 4 8 12 16 20 22 26 30 34 38 42 44 44 44 44 46 46 46 48 48 45 42 37 34 29 26 21 18 13 10 0 0 0 0 0 0 0 0 0 0 0 0 2 4 4 6 8 8 10 12 14 14 12 10 8 8 6 4 4 2 0 0 0 0 0 0 0 0 0 0 0 0 0 0 0 0 0 0 0 0 0 0 0 0 0 0 0 0 0 0 0 8 14 20 26 32 40 46 52 58 66 60 54 48 40 34 28 22 16 8 0 0 0 0 0 0 0 0 0 0 
0 0 0 0 0 0 0 0 0 0 0 0 3 6 6 9 12 12 15 18 21 21 18 18 15 15 15 12 12 9 6 6 6 6 3 3 3 3 3 0 0 0 0 0 0 0 0 0 0 0 0 0 3 6 9 12 12 15 18 21 24 21 21 18 18 15 15 12 12 9 6 6 6 6 6 6 6 6 6 6 6 10 14 18 22 23 27 31 35 39 42 45 45 45 45 48 48 48 51 51 49 46 40 37 31 28 22 19 13 10 0 0 0 0 0 0 0 0 0 0 0 0 3 6 6 9 12 12 15 18 21 21 18 15 12 12 9 6 6 3 0 0 0 0 0 0 0 0 0 0 0 0 0 0 0 0 0 0 0 0 0 0 0 0 0 0 0 0 0 0 0 8 13 18 23 28 36 41 46 51 58 53 48 43 35 30 25 20 15 7 0 0 0 0 0 0 0 0 0 0 
0 0 0 0 0 0 0 0 0 0 0 0 4 8 8 12 16 16 20 24 28 28 24 24 20 20 20 16 16 12 8 8 8 8 4 4 4 4 4 0 0 0 0 0 0 0 0 0 0 0 0 0 4 8 12 16 16 20 24 28 32 28 28 24 24 20 20 16 16 12 8 8 8 8 8 8 8 8 8 8 8 12 16 20 24 24 28 32 36 40 42 46 46 46 46 50 50 50 54 54 53 50 43 40 33 30 23 20 13 10 0 0 0 0 0 0 0 0 0 0 0 0 4 8 8 12 16 16 20 24 28 28 24 20 16 16 12 8 8 4 0 0 0 0 0 0 0 0 0 0 0 0 0 0 0 0 0 0 0 0 0 0 0 0 0 0 0 0 0 0 0 8 12 16 20 24 32 36 40 44 50 46 42 38 30 26 22 18 14 6 0 0 0 0 0 0 0 0 0 0 
0 0 0 0 0 0 0 0 0 0 0 0 5 10 10 15 20 20 25 30 35 35 30 30 25 25 25 20 20 15 10 10 10 10 5 5 5 5 5 0 0 0 0 0 0 0 0 0 0 0 0 0 5 10 15 20 20 25 30 35 40 35 35 30 30 25 25 20 20 15 10 10 10 10 10 10 10 10 10 10 10 14 18 22 26 25 29 33 37 41 42 47 47 47 47 52 52 52 57 57 57 54 46 43 35 32 24 21 13 10 0 0 0 0 0 0 0 0 0 0 0 0 5 10 10 15 20 20 25 30 35 35 30 25 20 20 15 10 10 5 0 0 0 0 0 0 0 0 0 0 0 0 0 0 0 0 0 0 0 0 0 0 0 0 0 0 0 0 0 0 0 8 11 14 17 20 28 31 34 37 42 39 36 33 25 22 19 16 13 5 0 0 0 0 0 0 0 0 0 0 
0 0 0 0 0 0 0 0 0 0 0 0 6 12 12 18 24 24 30 36 42 42 36 36 30 30 30 24 24 18 12 12 12 12 6 6 6 6 6 0 0 0 0 0 0 0 0 0 0 0 0 0 6 12 18 24 24 30 36 42 48 42 42 36 36 30 30 24 24 18 12 12 12 12 12 12 12 12 12 12 12 16 20 24 28 26 30 34 38 42 42 48 48 48 48 54 54 54 60 60 61 58 49 46 37 34 25 22 13 10 0 0 0 0 0 0 0 0 0 0 0 0 6 12 12 18 24 24 30 36 42 42 36 30 24 24 18 12 12 6 0 0 0 0 0 0 0 0 0 0 0 0 0 0 0 0 0 0 0 0 0 0 0 0 0 0 0 0 0 0 0 8 10 12 14 16 24 26 28 30 34 32 30 28 20 18 16 14 12 4 0 0 0 0 0 0 0 0 0 0 
0 0 0 0 0 0 0 0 0 0 0 0 7 14 14 21 28 28 35 42 49 49 42 42 35 35 35 28 28 21 14 14 14 14 7 7 7 7 7 0 0 0 0 0 0 0 0 0 0 0 0 0 7 14 21 28 28 35 42 49 56 49 49 42 42 35 35 28 28 21 14 14 14 14 14 14 14 14 14 14 14 18 22 26 30 27 31 35 39 43 42 49 49 49 49 56 56 56 63 63 65 62 52 49 39 36 26 23 13 10 0 0 0 0 0 0 0 0 0 0 0 0 7 14 14 21 28 28 35 42 49 49 42 35 28 28 21 14 14 7 0 0 0 0 0 0 0 0 0 0 0 0 0 0 0 0 0 0 0 0 0 0 0 0 0 0 0 0 0 0 0 8 9 10 11 12 20 21 22 23 26 25 24 23 15 14 13 12 11 3 0 0 0 0 0 0 0 0 0 0 
0 0 0 0 0 0 0 0 0 0 0 0 8 16 16 24 32 32 40 48 56 56 48 48 40 40 40 32 32 24 16 16 16 16 8 8 8 8 8 0 0 0 0 0 0 0 0 0 0 0 0 0 8 16 24 32 32 40 48 56 64 56 56 48 48 40 40 32 32 24 16 16 16 16 16 16 16 16 16 16 16 20 24 28 32 28 32 36 40 44 42 50 50 50 50 58 58 58 66 66 69 66 55 52 41 38 27 24 13 10 0 0 0 0 0 0 0 0 0 0 0 0 8 16 16 24 32 32 40 48 56 56 48 40 32 32 24 16 16 8 0 0 0 0 0 0 0 0 0 0 0 0 0 0 0 0 0 0 0 0 0 0 0 0 0 0 0 0 0 0 0 8 8 8 8 8 16 16 16 16 18 18 18 18 10 10 10 10 10 2 0 0 0 0 0 0 0 0 0 0 
0 0 0 0 0 0 0 0 0 0 0 0 9 18 18 27 36 36 45 54 63 63 54 54 45 45 45 36 36 27 18 18 18 18 9 9 9 9 9 0 0 0 0 0 0 0 0 0 0 0 0 0 9 18 27 36 36 45 54 63 72 63 63 54 54 45 45 36 36 27 18 18 18 18 18 18 18 18 18 18 18 22 26 30 34 29 33 37 41 45 42 51 51 51 51 60 60 60 69 69 73 70 58 55 43 40 28 25 13 10 0 0 0 0 0 0 0 0 0 0 0 0 9 18 18 27 36 36 45 54 63 63 54 45 36 36 27 18 18 9 0 0 0 0 0 0 0 0 0 0 0 0 0 0 0 0 0 0 0 0 0 0 0 0 0 0 0 0 0 0 0 8 7 6 5 4 12 11 10 9 10 11 12 13 5 6 7 8 9 1 0 0 0 0 0 0 0 0 0 0 
0 0 0 0 0 0 0 0 0 0 0 7 14 21 28 35 42 49 56 63 75 71 67 63 59 55 51 47 43 39 27 25 23 21 19 17 15 13 11 9 0 0 0 0 0 0 0 0 0 0 0 8 16 24 32 40 48 56 64 72 84 79 74 69 64 59 54 49 44 39 28 28 28 28 28 28 28 28 28 28 29 31 33 35 37 39 41 43 45 47 49 52 55 58 61 64 67 70 73 76 86 78 70 62 54 46 38 30 22 14 0 0 0 0 0 0 0 0 0 0 0 7 14 21 28 35 42 49 56 63 77 70 63 56 49 42 35 28 21 14 0 0 0 0 0 0 0 0 0 0 0 0 0 0 0 0 0 0 0 0 0 0 0 0 0 0 0 0 0 0 0 0 0 0 0 0 0 0 0 0 0 0 0 0 0 0 0 0 0 0 0 0 0 0 0 0 0 0 0 0 
0 0 0 0 0 0 0 0 0 0 0 7 13 19 26 32 38 45 51 57 68 65 61 58 54 51 48 44 41 37 27 25 23 21 19 17 15 13 11 9 0 0 0 0 0 0 0 0 0 0 0 8 15 22 29 36 44 51 58 65 76 72 67 63 59 55 50 46 42 37 28 28 28 29 29 30 30 31 31 32 34 36 38 39 41 43 45 47 48 50 52 54 56 58 61 63 65 67 69 70 78 71 63 56 49 42 35 27 20 13 0 0 0 0 0 0 0 0 0 0 0 7 13 19 26 32 38 45 51 57 70 63 57 51 45 38 32 26 19 13 0 0 0 0 1 1 1 2 2 2 3 3 3 3 2 2 2 1 1 1 0 0 0 0 0 0 0 0 0 0 0 0 0 0 0 0 0 0 0 0 0 0 0 0 0 0 0 0 0 0 0 0 0 0 0 0 0 0 0 0 
0 0 0 0 0 0 0 0 0 0 0 7 12 17 24 29 34 41 46 51 61 59 55 53 49 47 45 41 39 35 27 25 23 21 19 17 15 13 11 9 0 0 0 0 0 0 0 0 0 0 0 8 14 20 26 32 40 46 52 58 68 65 60 57 54 51 46 43 40 35 28 28 28 30 30 32 32 34 34 36 39 41 43 43 45 47 49 51 51 53 55 56 57 58 61 62 63 64 65 64 70 64 56 50 44 38 32 24 18 12 0 0 0 0 0 0 0 0 0 0 0 7 12 17 24 29 34 41 46 51 63 56 51 46 41 34 29 24 17 12 0 0 0 0 2 2 2 4 4 4 6 6 6 6 4 4 4 2 2 2 0 0 0 0 0 0 0 0 0 0 0 0 0 0 0 0 0 0 0 0 0 0 0 0 0 0 0 0 0 0 0 0 0 0 0 0 0 0 0 0 
0 0 0 0 0 0 0 0 0 0 0 7 11 15 22 26 30 37 41 45 54 53 49 48 44 43 42 38 37 33 27 25 23 21 19 17 15 13 11 9 0 0 0 0 0 0 0 0 0 0 0 8 13 18 23 28 36 41 46 51 60 58 53 51 49 47 42 40 38 33 28 28 28 31 31 34 34 37 37 40 44 46 48 47 49 51 53 55 54 56 58 58 58 58 61 61 61 61 61 58 62 57 49 44 39 34 29 21 16 11 0 0 0 0 0 0 0 0 0 0 0 7 11 15 22 26 30 37 41 45 56 49 45 41 37 30 26 22 15 11 0 0 0 0 3 3 3 6 6 6 9 9 9 9 6 6 6 3 3 3 0 0 0 0 0 0 0 0 0 0 0 0 0 0 0 0 0 0 0 0 0 0 0 0 0 0 0 0 0 0 0 0 0 0 0 0 0 0 0 0 
0 0 0 0 0 0 0 0 0 0 0 7 10 13 20 23 26 33 36 39 47 47 43 43 39 39 39 35 35 31 27 25 23 21 19 17 15 13 11 9 0 0 0 0 0 0 0 0 0 0 0 8 12 16 20 24 32 36 40 44 52 51 46 45 44 43 38 37 36 31 28 28 28 32 32 36 36 40 40 44 49 51 53 51 53 55 57 59 57 59 61 60 59 58 61 60 59 58 57 52 54 50 42 38 34 30 26 18 14 10 0 0 0 0 0 0 0 0 0 0 0 7 10 13 20 23 26 33 36 39 49 42 39 36 33 26 23 20 13 10 0 0 0 0 4 4 4 8 8 8 12 12 12 12 8 8 8 4 4 4 0 0 0 0 0 0 0 0 0 0 0 0 0 0 0 0 0 0 0 0 0 0 0 0 0 0 0 0 0 0 0 0 0 0 0 0 0 0 0 0 
0 0 0 0 0 0 0 0 0 0 0 7 9 11 18 20 22 29 31 33 40 41 37 38 34 35 36 32 33 29 27 25 23 21 19 17 15 13 11 9 0 0 0 0 0 0 0 0 0 0 0 8 11 14 17 20 28 31 34 37 44 44 39 39 39 39 34 34 34 29 28 28 28 33 33 38 38 43 43 48 54 56 58 55 57 59 61 63 60 62 64 62 60 58 61 59 57 55 53 46 46 43 35 32 29 26 23 15 12 9 0 0 0 0 0 0 0 0 0 0 0 7 9 11 18 20 22 29 31 33 42 35 33 31 29 22 20 18 11 9 0 0 0 0 5 5 5 10 10 10 15 15 15 15 10 10 10 5 5 5 0 0 0 0 0 0 0 0 0 0 0 0 0 0 0 0 0 0 0 0 0 0 0 0 0 0 0 0 0 0 0 0 0 0 0 0 0 0 0 0 
0 0 0 0 0 0 0 0 0 0 0 7 8 9 16 17 18 25 26 27 33 35 31 33 29 31 33 29 31 27 27 25 23 21 19 17 15 13 11 9 0 0 0 0 0 0 0 0 0 0 0 8 10 12 14 16 24 26 28 30 36 37 32 33 34 35 30 31 32 27 28 28 28 34 34 40 40 46 46 52 59 61 63 59 61 63 65 67 63 65 67 64 61 58 61 58 55 52 49 40 38 36 28 26 24 22 20 12 10 8 0 0 0 0 0 0 0 0 0 0 0 7 8 9 16 17 18 25 26 27 35 28 27 26 25 18 17 16 9 8 0 0 0 0 6 6 6 12 12 12 18 18 18 18 12 12 12 6 6 6 0 0 0 0 0 0 0 0 0 0 0 0 0 0 0 0 0 0 0 0 0 0 0 0 0 0 0 0 0 0 0 0 0 0 0 0 0 0 0 0 
0 0 0 0 0 0 0 0 0 0 0 7 7 7 14 14 14 21 21 21 26 29 25 28 24 27 30 26 29 25 27 25 23 21 19 17 15 13 11 9 0 0 0 0 0 0 0 0 0 0 0 8 9 10 11 12 20 21 22 23 28 30 25 27 29 31 26 28 30 25 28 28 28 35 35 42 42 49 49 56 64 66 68 63 65 67 69 71 66 68 70 66 62 58 61 57 53 49 45 34 30 29 21 20 19 18 17 9 8 7 0 0 0 0 0 0 0 0 0 0 0 7 7 7 14 14 14 21 21 21 28 21 21 21 21 14 14 14 7 7 0 0 0 0 7 7 7 14 14 14 21 21 21 21 14 14 14 7 7 7 0 0 0 0 0 0 0 0 0 0 0 0 0 0 0 0 0 0 0 0 0 0 0 0 0 0 0 0 0 0 0 0 0 0 0 0 0 0 0 0 
0 0 0 0 0 0 0 0 0 0 0 7 6 5 12 11 10 17 16 15 19 23 19 23 19 23 27 23 27 23 27 25 23 21 19 17 15 13 11 9 0 0 0 0 0 0 0 0 0 0 0 8 8 8 8 8 16 16 16 16 20 23 18 21 24 27 22 25 28 23 28 28 28 36 36 44 44 52 52 60 69 71 73 67 69 71 73 75 69 71 73 68 63 58 61 56 51 46 41 28 22 22 14 14 14 14 14 6 6 6 0 0 0 0 0 0 0 0 0 0 0 7 6 5 12 11 10 17 16 15 21 14 15 16 17 10 11 12 5 6 0 0 0 0 8 8 8 16 16 16 24 24 24 24 16 16 16 8 8 8 0 0 0 0 0 0 0 0 0 0 0 0 0 0 0 0 0 0 0 0 0 0 0 0 0 0 0 0 0 0 0 0 0 0 0 0 0 0 0 0 
0 0 0 0 0 0 0 0 0 0 0 7 5 3 10 8 6 13 11 9 12 17 13 18 14 19 24 20 25 21 27 25 23 21 19 17 15 13 11 9 0 0 0 0 0 0 0 0 0 0 0 8 7 6 5 4 12 11 10 9 12 16 11 15 19 23 18 22 26 21 28 28 28 37 37 46 46 55 55 64 74 76 78 71 73 75 77 79 72 74 76 70 64 58 61 55 49 43 37 22 14 15 7 8 9 10 11 3 4 5 0 0 0 0 0 0 0 0 0 0 0 7 5 3 10 8 6 13 11 9 14 7 9 11 13 6 8 10 3 5 0 0 0 0 9 9 9 18 18 18 27 27 27 27 18 18 18 9 9 9 0 0 0 0 0 0 0 0 0 0 0 0 0 0 0 0 0 0 0 0 0 0 0 0 0 0 0 0 0 0 0 0 0 0 0 0 0 0 0 0 
0 0 0 0 0 0 0 0 0 0 0 0 0 0 0 0 0 0 0 0 0 2 4 6 8 10 12 14 16 18 25 23 21 19 17 15 13 11 9 7 0 0 0 0 0 0 0 0 0 0 0 0 0 0 0 0 0 0 0 0 0 2 4 6 8 10 12 14 16 18 25 30 35 40 45 50 55 60 65 70 84 84 84 84 84 84 84 84 84 84 88 80 72 64 56 48 40 32 24 16 0 0 0 0 0 0 0 0 0 0 0 0 0 0 0 0 0 0 0 0 0 0 0 0 0 0 0 0 0 0 0 0 0 0 0 0 0 0 0 0 0 3 6 9 12 15 18 21 24 27 39 36 33 30 27 24 21 18 15 12 0 0 0 0 0 0 0 0 0 0 0 0 0 0 0 0 0 0 0 0 0 0 0 0 0 0 0 0 0 0 0 0 0 0 0 0 0 0 0 0 
0 0 0 0 0 0 0 0 0 0 0 0 0 0 0 0 0 0 0 0 0 2 4 6 8 9 11 13 15 17 23 21 19 18 16 14 12 10 9 7 0 0 0 0 0 0 0 0 0 0 0 0 0 1 1 2 2 2 3 3 4 5 7 9 11 13 14 16 18 20 26 30 35 39 43 47 52 56 60 64 76 76 76 76 76 76 76 76 76 76 80 72 65 58 51 44 36 29 22 15 0 0 0 0 0 0 0 0 0 0 0 0 0 0 0 0 0 0 0 0 0 0 0 0 0 0 0 0 0 0 0 0 1 2 2 3 4 4 5 6 7 10 12 15 17 19 22 24 27 29 39 36 33 30 27 24 21 18 15 12 0 0 0 0 0 0 0 0 0 0 0 0 0 0 0 0 0 0 0 0 0 0 0 0 0 0 0 0 0 0 0 0 0 0 0 0 0 0 0 0 
0 0 0 0 0 0 0 0 0 0 0 0 0 0 0 0 0 0 0 0 0 2 4 6 8 8 10 12 14 16 21 19 17 17 15 13 11 9 9 7 0 0 0 0 0 0 0 0 0 0 0 0 0 2 2 4 4 4 6 6 8 8 10 12 14 16 16 18 20 22 27 30 35 38 41 44 49 52 55 58 68 68 68 68 68 68 68 68 68 68 72 64 58 52 46 40 32 26 20 14 0 0 0 0 0 0 0 0 0 0 0 0 0 0 0 0 0 0 0 0 0 0 0 0 0 0 0 0 0 0 0 0 2 4 4 6 8 8 10 12 14 17 18 21 22 23 26 27 30 31 39 36 33 30 27 24 21 18 15 12 0 0 0 0 0 0 0 0 0 0 0 0 0 0 0 0 0 0 0 0 0 0 0 0 0 0 0 0 0 0 0 0 0 0 0 0 0 0 0 0 
0 0 0 0 0 0 0 0 0 0 0 0 0 0 0 0 0 0 0 0 0 2 4 6 8 7 9 11 13 15 19 17 15 16 14 12 10 8 9 7 0 0 0 0 0 0 0 0 0 0 0 0 0 3 3 6 6 6 9 9 12 11 13 15 17 19 18 20 22 24 28 30 35 37 39 41 46 48 50 52 60 60 60 60 60 60 60 60 60 60 64 56 51 46 41 36 28 23 18 13 0 0 0 0 0 0 0 0 0 0 0 0 0 0 0 0 0 0 0 0 0 0 0 0 0 0 0 0 0 0 0 0 3 6 6 9 12 12 15 18 21 24 24 27 27 27 30 30 33 33 39 36 33 30 27 24 21 18 15 12 0 0 0 0 0 0 0 0 0 0 0 0 0 0 0 0 0 0 0 0 0 0 0 0 0 0 0 0 0 0 0 0 0 0 0 0 0 0 0 0 
0 0 0 0 0 0 0 0 0 0 0 0 0 0 0 0 0 0 0 0 0 2 4 6 8 6 8 10 12 14 17 15 13 15 13 11 9 7 9 7 0 0 0 0 0 0 0 0 0 0 0 0 0 4 4 8 8 8 12 12 16 14 16 18 20 22 20 22 24 26 29 30 35 36 37 38 43 44 45 46 52 52 52 52 52 52 52 52 52 52 56 48 44 40 36 32 24 20 16 12 0 0 0 0 0 0 0 0 0 0 0 0 0 0 0 0 0 0 0 0 0 0 0 0 0 0 0 0 0 0 0 0 4 8 8 12 16 16 20 24 28 31 30 33 32 31 34 33 36 35 39 36 33 30 27 24 21 18 15 12 0 0 0 0 0 0 0 0 0 0 0 0 0 0 0 0 0 0 0 0 0 0 0 0 0 0 0 0 0 0 0 0 0 0 0 0 0 0 0 0 
0 0 0 0 0 0 0 0 0 0 0 0 0 0 0 0 0 0 0 0 0 2 4 6 8 5 7 9 11 13 15 13 11 14 12 10 8 6 9 7 0 0 0 0 0 0 0 0 0 0 0 0 0 5 5 10 10 10 15 15 20 17 19 21 23 25 22 24 26 28 30 30 35 35 35 35 40 40 40 40 44 44 44 44 44 44 44 44 44 44 48 40 37 34 31 28 20 17 14 11 0 0 0 0 0 0 0 0 0 0 0 0 0 0 0 0 0 0 0 0 0 0 0 0 0 0 0 0 0 0 0 0 5 10 10 15 20 20 25 30 35 38 36 39 37 35 38 36 39 37 39 36 33 30 27 24 21 18 15 12 0 0 0 0 0 0 0 0 0 0 0 0 0 0 0 0 0 0 0 0 0 0 0 0 0 0 0 0 0 0 0 0 0 0 0 0 0 0 0 0 
0 0 0 0 0 0 0 0 0 0 0 0 0 0 0 0 0 0 0 0 0 2 4 6 8 4 6 8 10 12 13 11 9 13 11 9 7 5 9 7 0 0 0 0 0 0 0 0 0 0 0 0 0 6 6 12 12 12 18 18 24 20 22 24 26 28 24 26 28 30 31 30 35 34 33 32 37 36 35 34 36 36 36 36 36 36 36 36 36 36 40 32 30 28 26 24 16 14 12 10 0 0 0 0 0 0 0 0 0 0 0 0 0 0 0 0 0 0 0 0 0 0 0 0 0 0 0 0 0 0 0 0 6 12 12 18 24 24 30 36 42 45 42 45 42 39 42 39 42 39 39 36 33 30 27 24 21 18 15 12 0 0 0 0 0 0 0 0 0 0 0 0 0 0 0 0 0 0 0 0 0 0 0 0 0 0 0 0 0 0 0 0 0 0 0 0 0 0 0 0 
0 0 0 0 0 0 0 0 0 0 0 0 0 0 0 0 0 0 0 0 0 2 4 6 8 3 5 7 9 11 11 9 7 12 10 8 6 4 9 7 0 0 0 0 0 0 0 0 0 0 0 0 0 7 7 14 14 14 21 21 28 23 25 27 29 31 26 28 30 32 32 30 35 33 31 29 34 32 30 28 28 28 28 28 28 28 28 28 28 28 32 24 23 22 21 20 12 11 10 9 0 0 0 0 0 0 0 0 0 0 0 0 0 0 0 0 0 0 0 0 0 0 0 0 0 0 0 0 0 0 0 0 7 14 14 21 28 28 35 42 49 52 48 51 47 43 46 42 45 41 39 36 33 30 27 24 21 18 15 12 0 0 0 0 0 0 0 0 0 0 0 0 0 0 0 0 0 0 0 0 0 0 0 0 0 0 0 0 0 0 0 0 0 0 0 0 0 0 0 0 
0 0 0 0 0 0 0 0 0 0 0 0 0 0 0 0 0 0 0 0 0 2 4 6 8 2 4 6 8 10 9 7 5 11 9 7 5 3 9 7 0 0 0 0 0 0 0 0 0 0 0 0 0 8 8 16 16 16 24 24 32 26 28 30 32 34 28 30 32 34 33 30 35 32 29 26 31 28 25 22 20 20 20 20 20 20 20 20 20 20 24 16 16 16 16 16 8 8 8 8 0 0 0 0 0 0 0 0 0 0 0 0 0 0 0 0 0 0 0 0 0 0 0 0 0 0 0 0 0 0 0 0 8 16 16 24 32 32 40 48 56 59 54 57 52 47 50 45 48 43 39 36 33 30 27 24 21 18 15 12 0 0 0 0 0 0 0 0 0 0 0 0 0 0 0 0 0 0 0 0 0 0 0 0 0 0 0 0 0 0 0 0 0 0 0 0 0 0 0 0 
0 0 0 0 0 0 0 0 0 0 0 0 0 0 0 0 0 0 0 0 0 2 4 6 8 1 3 5 7 9 7 5 3 10 8 6 4 2 9 7 0 0 0 0 0 0 0 0 0 0 0 0 0 9 9 18 18 18 27 27 36 29 31 33 35 37 30 32 34 36 34 30 35 31 27 23 28 24 20 16 12 12 12 12 12 12 12 12 12 12 16 8 9 10 11 12 4 5 6 7 0 0 0 0 0 0 0 0 0 0 0 0 0 0 0 0 0 0 0 0 0 0 0 0 0 0 0 0 0 0 0 0 9 18 18 27 36 36 45 54 63 66 60 63 57 51 54 48 51 45 39 36 33 30 27 24 21 18 15 12 0 0 0 0 0 0 0 0 0 0 0 0 0 0 0 0 0 0 0 0 0 0 0 0 0 0 0 0 0 0 0 0 0 0 0 0 0 0 0 0 
0 0 0 0 0 0 0 0 0 0 0 0 0 0 0 0 0 0 0 0 0 0 0 0 0 0 0 0 0 0 0 0 0 0 0 0 0 0 0 0 0 0 0 0 0 0 0 0 0 0 0 4 8 12 16 20 24 28 32 36 40 40 40 40 40 40 40 40 40 40 40 36 32 28 24 20 16 12 8 4 0 0 0 0 0 0 0 0 0 0 0 0 0 0 0 0 0 0 0 0 0 0 0 0 0 0 0 0 0 0 0 0 0 0 0 0 0 0 0 0 0 0 0 0 0 0 0 0 0 0 0 7 14 21 28 35 42 49 56 63 79 76 73 70 67 64 61 58 55 52 41 37 33 29 25 21 17 13 9 5 0 0 0 0 0 0 0 0 0 0 0 0 0 0 0 0 0 0 0 0 0 0 0 0 0 0 0 0 0 0 0 0 0 0 0 0 0 0 0 0 
0 0 0 0 0 0 0 0 0 0 0 0 0 0 0 0 0 0 0 0 0 0 0 0 0 0 0 0 0 0 0 0 0 0 0 0 0 0 0 0 0 0 0 0 0 0 0 0 0 0 0 4 8 12 16 20 24 28 32 36 40 40 39 39 39 39 38 38 38 37 36 33 29 26 22 18 15 11 8 4 0 0 0 0 0 0 0 0 0 0 0 0 0 0 1 1 1 2 2 2 3 3 3 3 3 3 3 3 3 3 2 2 2 2 1 1 1 1 1 0 0 0 0 1 1 2 2 2 3 3 4 10 16 22 29 35 42 49 55 61 76 73 71 68 65 62 60 57 54 52 41 37 33 29 25 21 17 13 9 5 0 0 0 0 0 0 0 0 0 0 0 0 0 0 0 0 0 0 0 0 0 0 0 0 0 0 0 0 0 0 0 0 0 0 0 0 0 0 0 0 
0 0 0 0 0 0 0 0 0 0 0 0 0 0 0 0 0 0 0 0 0 0 0 0 0 0 0 0 0 0 0 0 0 0 0 0 0 0 0 0 0 0 0 0 0 0 0 0 0 0 0 4 8 12 16 20 24 28 32 36 40 40 38 38 38 38 36 36 36 34 32 30 26 24 20 16 14 10 8 4 0 0 0 0 0 0 0 0 0 0 0 0 0 0 2 2 2 4 4 4 6 6 6 6 6 6 6 6 6 6 4 4 4 4 2 2 2 2 2 0 0 0 0 2 2 4 4 4 6 6 8 13 18 23 30 35 42 49 54 59 73 70 69 66 63 60 59 56 53 52 41 37 33 29 25 21 17 13 9 5 0 0 0 0 0 0 0 0 0 0 0 0 0 0 0 0 0 0 0 0 0 0 0 0 0 0 0 0 0 0 0 0 0 0 0 0 0 0 0 0 
0 0 0 0 0 0 0 0 0 0 0 0 0 0 0 0 0 0 0 0 0 0 0 0 0 0 0 0 0 0 0 0 0 0 0 0 0 0 0 0 0 0 0 0 0 0 0 0 0 0 0 4 8 12 16 20 24 28 32 36 40 40 37 37 37 37 34 34 34 31 28 27 23 22 18 14 13 9 8 4 0 0 0 0 0 0 0 0 0 0 0 0 0 0 3 3 3 6 6 6 9 9 9 9 9 9 9 9 9 9 6 6 6 6 3 3 3 3 3 0 0 0 0 3 3 6 6 6 9 9 12 16 20 24 31 35 42 49 53 57 70 67 67 64 61 58 58 55 52 52 41 37 33 29 25 21 17 13 9 5 0 0 0 0 0 0 0 0 0 0 0 0 0 0 0 0 0 0 0 0 0 0 0 0 0 0 0 0 0 0 0 0 0 0 0 0 0 0 0 0 
0 0 0 0 0 0 0 0 0 0 0 0 0 0 0 0 0 0 0 0 0 0 0 0 0 0 0 0 0 0 0 0 0 0 0 0 0 0 0 0 0 0 0 0 0 0 0 0 0 0 0 4 8 12 16 20 24 28 32 36 40 40 36 36 36 36 32 32 32 28 24 24 20 20 16 12 12 8 8 4 0 0 0 0 0 0 0 0 0 0 0 0 0 0 4 4 4 8 8 8 12 12 12 12 12 12 12 12 12 12 8 8 8 8 4 4 4 4 4 0 0 0 0 4 4 8 8 8 12 12 16 19 22 25 32 35 42 49 52 55 67 64 65 62 59 56 57 54 51 52 41 37 33 29 25 21 17 13 9 5 0 0 0 0 0 0 0 0 0 0 0 0 0 0 0 0 0 0 0 0 0 0 0 0 0 0 0 0 0 0 0 0 0 0 0 0 0 0 0 0 
0 0 0 0 0 0 0 0 0 0 0 0 0 0 0 0 0 0 0 0 0 0 0 0 0 0 0 0 0 0 0 0 0 0 0 0 0 0 0 0 0 0 0 0 0 0 0 0 0 0 0 4 8 12 16 20 24 28 32 36 40 40 35 35 35 35 30 30 30 25 20 21 17 18 14 10 11 7 8 4 0 0 0 0 0 0 0 0 0 0 0 0 0 0 5 5 5 10 10 10 15 15 15 15 15 15 15 15 15 15 10 10 10 10 5 5 5 5 5 0 0 0 0 5 5 10 10 10 15 15 20 22 24 26 33 35 42 49 51 53 64 61 63 60 57 54 56 53 50 52 41 37 33 29 25 21 17 13 9 5 0 0 0 0 0 0 0 0 0 0 0 0 0 0 0 0 0 0 0 0 0 0 0 0 0 0 0 0 0 0 0 0 0 0 0 0 0 0 0 0 
0 0 0 0 0 0 0 0 0 0 0 0 0 0 0 0 0 0 0 0 0 0 0 0 0 0 0 0 0 0 0 0 0 0 0 0 0 0 0 0 0 0 0 0 0 0 0 0 0 0 0 4 8 12 16 20 24 28 32 36 40 40 34 34 34 34 28 28 28 22 16 18 14 16 12 8 10 6 8 4 0 0 0 0 0 0 0 0 0 0 0 0 0 0 6 6 6 12 12 12 18 18 18 18 18 18 18 18 18 18 12 12 12 12 6 6 6 6 6 0 0 0 0 6 6 12 12 12 18 18 24 25 26 27 34 35 42 49 50 51 61 58 61 58 55 52 55 52 49 52 41 37 33 29 25 21 17 13 9 5 0 0 0 0 0 0 0 0 0 0 0 0 0 0 0 0 0 0 0 0 0 0 0 0 0 0 0 0 0 0 0 0 0 0 0 0 0 0 0 0 
0 0 0 0 0 0 0 0 0 0 0 0 0 0 0 0 0 0 0 0 0 0 0 0 0 0 0 0 0 0 0 0 0 0 0 0 0 0 0 0 0 0 0 0 0 0 0 0 0 0 0 4 8 12 16 20 24 28 32 36 40 40 33 33 33 33 26 26 26 19 12 15 11 14 10 6 9 5 8 4 0 0 0 0 0 0 0 0 0 0 0 0 0 0 7 7 7 14 14 14 21 21 21 21 21 21 21 21 21 21 14 14 14 14 7 7 7 7 7 0 0 0 0 7 7 14 14 14 21 21 28 28 28 28 35 35 42 49 49 49 58 55 59 56 53 50 54 51 48 52 41 37 33 29 25 21 17 13 9 5 0 0 0 0 0 0 0 0 0 0 0 0 0 0 0 0 0 0 0 0 0 0 0 0 0 0 0 0 0 0 0 0 0 0 0 0 0 0 0 0 
0 0 0 0 0 0 0 0 0 0 0 0 0 0 0 0 0 0 0 0 0 0 0 0 0 0 0 0 0 0 0 0 0 0 0 0 0 0 0 0 0 0 0 0 0 0 0 0 0 0 0 4 8 12 16 20 24 28 32 36 40 40 32 32 32 32 24 24 24 16 8 12 8 12 8 4 8 4 8 4 0 0 0 0 0 0 0 0 0 0 0 0 0 0 8 8 8 16 16 16 24 24 24 24 24 24 24 24 24 24 16 16 16 16 8 8 8 8 8 0 0 0 0 8 8 16 16 16 24 24 32 31 30 29 36 35 42 49 48 47 55 52 57 54 51 48 53 50 47 52 41 37 33 29 25 21 17 13 9 5 0 0 0 0 0 0 0 0 0 0 0 0 0 0 0 0 0 0 0 0 0 0 0 0 0 0 0 0 0 0 0 0 0 0 0 0 0 0 0 0 
0 0 0 0 0 0 0 0 0 0 0 0 0 0 0 0 0 0 0 0 0 0 0 0 0 0 0 0 0 0 0 0 0 0 0 0 0 0 0 0 0 0 0 0 0 0 0 0 0 0 0 4 8 12 16 20 24 28 32 36 40 40 31 31 31 31 22 22 22 13 4 9 5 10 6 2 7 3 8 4 0 0 0 0 0 0 0 0 0 0 0 0 0 0 9 9 9 18 18 18 27 27 27 27 27 27 27 27 27 27 18 18 18 18 9 9 9 9 9 0 0 0 0 9 9 18 18 18 27 27 36 34 32 30 37 35 42 49 47 45 52 49 55 52 49 46 52 49 46 52 41 37 33 29 25 21 17 13 9 5 0 0 0 0 0 0 0 0 0 0 0 0 0 0 0 0 0 0 0 0 0 0 0 0 0 0 0 0 0 0 0 0 0 0 0 0 0 0 0 0 
0 0 0 0 0 0 0 0 0 0 0 0 0 0 0 0 0 0 0 0 0 0 0 0 0 0 0 0 0 0 0 0 0 0 0 0 0 0 0 0 0 0 0 0 0 0 0 0 0 0 0 3 6 9 12 15 18 21 24 27 36 33 30 27 24 21 18 15 12 9 0 0 0 0 0 0 0 0 0 0 0 0 0 0 0 0 0 0 0 0 0 3 6 9 12 15 18 21 24 27 33 33 33 33 33 33 33 33 33 33 26 24 22 20 18 16 14 12 10 8 0 4 8 12 16 20 24 28 32 36 40 40 40 40 40 40 40 40 40 40 44 44 44 44 44 44 44 44 44 44 45 41 37 33 29 25 21 17 13 9 0 0 0 0 0 0 0 0 0 0 0 0 0 0 0 0 0 0 0 0 0 0 0 0 0 0 0 0 0 0 0 0 0 0 0 0 0 0 0 0 
0 0 0 0 0 0 0 0 0 0 0 0 0 0 0 0 0 0 0 0 0 0 0 0 0 0 0 0 0 0 0 0 0 0 0 0 0 0 0 0 0 0 0 0 0 0 0 0 0 0 0 3 6 9 11 14 17 19 22 25 33 30 27 25 22 19 17 14 11 9 0 0 0 0 0 0 0 0 0 0 0 0 0 0 0 0 0 0 0 0 0 3 6 9 11 14 17 19 22 25 30 30 30 30 30 30 30 30 30 30 24 22 20 18 17 15 13 11 9 8 0 4 8 11 15 18 22 26 29 33 36 37 37 37 38 38 38 39 39 39 44 44 44 44 44 44 44 44 44 44 44 40 36 32 29 25 21 17 13 9 0 0 0 0 0 0 0 0 0 0 0 0 0 0 0 0 0 0 0 0 0 0 0 0 0 0 0 0 0 0 0 0 0 0 0 0 0 0 0 0 
0 0 0 0 0 0 0 0 0 0 0 0 0 0 0 0 0 0 0 0 0 0 0 0 0 0 0 0 0 0 0 0 0 0 0 0 0 0 0 0 0 0 0 0 0 0 0 0 0 0 0 3 6 9 10 13 16 17 20 23 30 27 24 23 20 17 16 13 10 9 0 0 0 0 0 0 0 0 0 0 0 0 0 0 0 0 0 0 0 0 0 3 6 9 10 13 16 17 20 23 27 27 27 27 27 27 27 27 27 27 22 20 18 16 16 14 12 10 8 8 0 4 8 10 14 16 20 24 26 30 32 34 34 34 36 36 36 38 38 38 44 44 44 44 44 44 44 44 44 44 43 39 35 31 29 25 21 17 13 9 0 0 0 0 0 0 0 0 0 0 0 0 0 0 0 0 0 0 0 0 0 0 0 0 0 0 0 0 0 0 0 0 0 0 0 0 0 0 0 0 
0 0 0 0 0 0 0 0 0 0 0 0 0 0 0 0 0 0 0 0 0 0 0 0 0 0 0 0 0 0 0 0 0 0 0 0 0 0 0 0 0 0 0 0 0 0 0 0 0 0 0 3 6 9 9 12 15 15 18 21 27 24 21 21 18 15 15 12 9 9 0 0 0 0 0 0 0 0 0 0 0 0 0 0 0 0 0 0 0 0 0 3 6 9 9 12 15 15 18 21 24 24 24 24 24 24 24 24 24 24 20 18 16 14 15 13 11 9 7 8 0 4 8 9 13 14 18 22 23 27 28 31 31 31 34 34 34 37 37 37 44 44 44 44 44 44 44 44 44 44 42 38 34 30 29 25 21 17 13 9 0 0 0 0 0 0 0 0 0 0 0 0 0 0 0 0 0 0 0 0 0 0 0 0 0 0 0 0 0 0 0 0 0 0 0 0 0 0 0 0 
0 0 0 0 0 0 0 0 0 0 0 0 0 0 0 0 0 0 0 0 0 0 0 0 0 0 0 0 0 0 0 0 0 0 0 0 0 0 0 0 0 0 0 0 0 0 0 0 0 0 0 3 6 9 8 11 14 13 16 19 24 21 18 19 16 13 14 11 8 9 0 0 0 0 0 0 0 0 0 0 0 0 0 0 0 0 0 0 0 0 0 3 6 9 8 11 14 13 16 19 21 21 21 21 21 21 21 21 21 21 18 16 14 12 14 12 10 8 6 8 0 4 8 8 12 12 16 20 20 24 24 28 28 28 32 32 32 36 36 36 44 44 44 44 44 44 44 44 44 44 41 37 33 29 29 25 21 17 13 9 0 0 0 0 0 0 0 0 0 0 0 0 0 0 0 0 0 0 0 0 0 0 0 0 0 0 0 0 0 0 0 0 0 0 0 0 0 0 0 0 
0 0 0 0 0 0 0 0 0 0 0 0 0 0 0 0 0 0 0 0 0 0 0 0 0 0 0 0 0 0 0 0 0 0 0 0 0 0 0 0 0 0 0 0 0 0 0 0 0 0 0 3 6 9 7 10 13 11 14 17 21 18 15 17 14 11 13 10 7 9 0 0 0 0 0 0 0 0 0 0 0 0 0 0 0 0 0 0 0 0 0 3 6 9 7 10 13 11 14 17 18 18 18 18 18 18 18 18 18 18 16 14 12 10 13 11 9 7 5 8 0 4 8 7 11 10 14 18 17 21 20 25 25 25 30 30 30 35 35 35 44 44 44 44 44 44 44 44 44 44 40 36 32 28 29 25 21 17 13 9 0 0 0 0 0 0 0 0 0 0 0 0 0 0 0 0 0 0 0 0 0 0 0 0 0 0 0 0 0 0 0 0 0 0 0 0 0 0 0 0 
0 0 0 0 0 0 0 0 0 0 0 0 0 0 0 0 0 0 0 0 0 0 0 0 0 0 0 0 0 0 0 0 0 0 0 0 0 0 0 0 0 0 0 0 0 0 0 0 0 0 0 3 6 9 6 9 12 9 12 15 18 15 12 15 12 9 12 9 6 9 0 0 0 0 0 0 0 0 0 0 0 0 0 0 0 0 0 0 0 0 0 3 6 9 6 9 12 9 12 15 15 15 15 15 15 15 15 15 15 15 14 12 10 8 12 10 8 6 4 8 0 4 8 6 10 8 12 16 14 18 16 22 22 22 28 28 28 34 34 34 44 44 44 44 44 44 44 44 44 44 39 35 31 27 29 25 21 17 13 9 0 0 0 0 0 0 0 0 0 0 0 0 0 0 0 0 0 0 0 0 0 0 0 0 0 0 0 0 0 0 0 0 0 0 0 0 0 0 0 0 
0 0 0 0 0 0 0 0 0 0 0 0 0 0 0 0 0 0 0 0 0 0 0 0 0 0 0 0 0 0 0 0 0 0 0 0 0 0 0 0 0 0 0 0 0 0 0 0 0 0 0 3 6 9 5 8 11 7 10 13 15 12 9 13 10 7 11 8 5 9 0 0 0 0 0 0 0 0 0 0 0 0 0 0 0 0 0 0 0 0 0 3 6 9 5 8 11 7 10 13 12 12 12 12 12 12 12 12 12 12 12 10 8 6 11 9 7 5 3 8 0 4 8 5 9 6 10 14 11 15 12 19 19 19 26 26 26 33 33 33 44 44 44 44 44 44 44 44 44 44 38 34 30 26 29 25 21 17 13 9 0 0 0 0 0 0 0 0 0 0 0 0 0 0 0 0 0 0 0 0 0 0 0 0 0 0 0 0 0 0 0 0 0 0 0 0 0 0 0 0 
0 0 0 0 0 0 0 0 0 0 0 0 0 0 0 0 0 0 0 0 0 0 0 0 0 0 0 0 0 0 0 0 0 0 0 0 0 0 0 0 0 0 0 0 0 0 0 0 0 0 0 3 6 9 4 7 10 5 8 11 12 9 6 11 8 5 10 7 4 9 0 0 0 0 0 0 0 0 0 0 0 0 0 0 0 0 0 0 0 0 0 3 6 9 4 7 10 5 8 11 9 9 9 9 9 9 9 9 9 9 10 8 6 4 10 8 6 4 2 8 0 4 8 4 8 4 8 12 8 12 8 16 16 16 24 24 24 32 32 32 44 44 44 44 44 44 44 44 44 44 37 33 29 25 29 25 21 17 13 9 0 0 0 0 0 0 0 0 0 0 0 0 0 0 0 0 0 0 0 0 0 0 0 0 0 0 0 0 0 0 0 0 0 0 0 0 0 0 0 0 
0 0 0 0 0 0 0 0 0 0 0 0 0 0 0 0 0 0 0 0 0 0 0 0 0 0 0 0 0 0 0 0 0 0 0 0 0 0 0 0 0 0 0 0 0 0 0 0 0 0 0 3 6 9 3 6 9 3 6 9 9 6 3 9 6 3 9 6 3 9 0 0 0 0 0 0 0 0 0 0 0 0 0 0 0 0 0 0 0 0 0 3 6 9 3 6 9 3 6 9 6 6 6 6 6 6 6 6 6 6 8 6 4 2 9 7 5 3 1 8 0 4 8 3 7 2 6 10 5 9 4 13 13 13 22 22 22 31 31 31 44 44 44 44 44 44 44 44 44 44 36 32 28 24 29 25 21 17 13 9 0 0 0 0 0 0 0 0 0 0 0 0 0 0 0 0 0 0 0 0 0 0 0 0 0 0 0 0 0 0 0 0 0 0 0 0 0 0 0 0 
0 0 0 0 0 0 0 0 0 0 0 0 0 0 0 0 0 0 0 0 0 0 0 0 0 0 0 0 0 0 0 0 0 0 0 0 0 0 0 0 0 0 0 0 0 0 0 0 0 0 0 0 0 0 0 0 0 0 0 0 0 0 0 0 0 0 0 0 0 0 0 0 0 0 0 0 0 0 0 0 0 0 0 0 0 0 0 0 0 0 0 0 0 0 0 0 0 0 0 0 0 0 0 0 0 0 0 0 0 0 0 0 0 0 0 0 0 0 0 0 0 0 0 0 0 0 0 0 0 0 0 3 6 9 12 15 18 21 24 27 37 37 37 37 37 37 37 37 37 37 32 29 26 23 20 17 14 11 8 5 0 0 0 0 0 0 0 0 0 0 0 0 0 0 0 0 0 0 0 0 0 0 0 0 0 0 0 0 0 0 0 0 0 0 0 0 0 0 0 0 
9 8 7 6 6 5 4 3 2 1 0 0 0 0 0 0 0 0 0 0 0 0 0 0 0 0 0 0 0 0 0 0 0 0 0 0 0 0 0 0 0 0 0 0 0 0 0 0 0 0 0 0 0 1 1 2 2 2 3 3 4 4 4 4 4 4 4 4 4 4 4 4 4 3 3 2 2 2 1 1 0 0 0 0 0 0 0 0 0 0 0 0 0 0 0 0 0 0 0 0 0 0 0 0 0 0 0 0 0 0 0 0 0 0 0 0 0 0 0 0 0 0 0 0 0 0 0 0 0 0 0 3 6 9 11 14 17 19 22 25 34 34 35 35 35 36 36 37 37 37 33 31 29 26 24 22 19 17 15 12 8 8 7 6 5 4 4 3 2 1 0 0 0 0 0 0 0 0 0 0 0 0 0 0 0 0 0 0 0 0 0 0 0 0 0 0 0 0 0 0 
18 16 14 12 12 10 8 6 4 2 0 0 0 0 0 0 0 0 0 0 0 0 0 0 0 0 0 0 0 0 0 0 0 0 0 0 0 0 0 0 0 0 0 0 0 0 0 0 0 0 0 0 0 2 2 4 4 4 6 6 8 8 8 8 8 8 8 8 8 8 8 8 8 6 6 4 4 4 2 2 0 0 0 0 0 0 0 0 0 0 0 0 0 0 0 0 0 0 0 0 0 0 0 0 0 0 0 0 0 0 0 0 0 0 0 0 0 0 0 0 0 0 0 0 0 0 0 0 0 0 0 3 6 9 10 13 16 17 20 23 31 31 33 33 33 35 35 37 37 37 34 33 32 29 28 27 24 23 22 19 16 16 14 12 10 8 8 6 4 2 0 0 0 0 0 0 0 0 0 0 0 0 0 0 0 0 0 0 0 0 0 0 0 0 0 0 0 0 0 0 
27 24 21 18 18 15 12 9 6 3 0 0 0 0 0 0 0 0 0 0 0 0 0 0 0 0 0 0 0 0 0 0 0 0 0 0 0 0 0 0 0 0 0 0 0 0 0 0 0 0 0 0 0 3 3 6 6 6 9 9 12 12 12 12 12 12 12 12 12 12 12 12 12 9 9 6 6 6 3 3 0 0 0 0 0 0 0 0 0 0 0 0 0 0 0 0 0 0 0 0 0 0 0 0 0 0 0 0 0 0 0 0 0 0 0 0 0 0 0 0 0 0 0 0 0 0 0 0 0 0 0 3 6 9 9 12 15 15 18 21 28 28 31 31 31 34 34 37 37 37 35 35 35 32 32 32 29 29 29 26 24 24 21 18 15 12 12 9 6 3 0 0 0 0 0 0 0 0 0 0 0 0 0 0 0 0 0 0 0 0 0 0 0 0 0 0 0 0 0 0 
36 32 28 24 24 20 16 12 8 4 0 0 0 0 0 0 0 0 0 0 0 0 0 0 0 0 0 0 0 0 0 0 0 0 0 0 0 0 0 0 0 0 0 0 0 0 0 0 0 0 0 0 0 4 4 8 8 8 12 12 16 16 16 16 16 16 16 16 16 16 16 16 16 12 12 8 8 8 4 4 0 0 0 0 0 0 0 0 0 0 0 0 0 0 0 0 0 0 0 0 0 0 0 0 0 0 0 0 0 0 0 0 0 0 0 0 0 0 0 0 0 0 0 0 0 0 0 0 0 0 0 3 6 9 8 11 14 13 16 19 25 25 29 29 29 33 33 37 37 37 36 37 38 35 36 37 34 35 36 33 32 32 28 24 20 16 16 12 8 4 0 0 0 0 0 0 0 0 0 0 0 0 0 0 0 0 0 0 0 0 0 0 0 0 0 0 0 0 0 0 
45 40 35 30 30 25 20 15 10 5 0 0 0 0 0 0 0 0 0 0 0 0 0 0 0 0 0 0 0 0 0 0 0 0 0 0 0 0 0 0 0 0 0 0 0 0 0 0 0 0 0 0 0 5 5 10 10 10 15 15 20 20 20 20 20 20 20 20 20 20 20 20 20 15 15 10 10 10 5 5 0 0 0 0 0 0 0 0 0 0 0 0 0 0 0 0 0 0 0 0 0 0 0 0 0 0 0 0 0 0 0 0 0 0 0 0 0 0 0 0 0 0 0 0 0 0 0 0 0 0 0 3 6 9 7 10 13 11 14 17 22 22 27 27 27 32 32 37 37 37 37 39 41 38 40 42 39 41 43 40 40 40 35 30 25 20 20 15 10 5 0 0 0 0 0 0 0 0 0 0 0 0 0 0 0 0 0 0 0 0 0 0 0 0 0 0 0 0 0 0 
54 48 42 36 36 30 24 18 12 6 0 0 0 0 0 0 0 0 0 0 0 0 0 0 0 0 0 0 0 0 0 0 0 0 0 0 0 0 0 0 0 0 0 0 0 0 0 0 0 0 0 0 0 6 6 12 12 12 18 18 24 24 24 24 24 24 24 24 24 24 24 24 24 18 18 12 12 12 6 6 0 0 0 0 0 0 0 0 0 0 0 0 0 0 0 0 0 0 0 0 0 0 0 0 0 0 0 0 0 0 0 0 0 0 0 0 0 0 0 0 0 0 0 0 0 0 0 0 0 0 0 3 6 9 6 9 12 9 12 15 19 19 25 25 25 31 31 37 37 37 38 41 44 41 44 47 44 47 50 47 48 48 42 36 30 24 24 18 12 6 0 0 0 0 0 0 0 0 0 0 0 0 0 0 0 0 0 0 0 0 0 0 0 0 0 0 0 0 0 0 
63 56 49 42 42 35 28 21 14 7 0 0 0 0 0 0 0 0 0 0 0 0 0 0 0 0 0 0 0 0 0 0 0 0 0 0 0 0 0 0 0 0 0 0 0 0 0 0 0 0 0 0 0 7 7 14 14 14 21 21 28 28 28 28 28 28 28 28 28 28 28 28 28 21 21 14 14 14 7 7 0 0 0 0 0 0 0 0 0 0 0 0 0 0 0 0 0 0 0 0 0 0 0 0 0 0 0 0 0 0 0 0 0 0 0 0 0 0 0 0 0 0 0 0 0 0 0 0 0 0 0 3 6 9 5 8 11 7 10 13 16 16 23 23 23 30 30 37 37 37 39 43 47 44 48 52 49 53 57 54 56 56 49 42 35 28 28 21 14 7 0 0 0 0 0 0 0 0 0 0 0 0 0 0 0 0 0 0 0 0 0 0 0 0 0 0 0 0 0 0 
72 64 56 48 48 40 32 24 16 8 0 0 0 0 0 0 0 0 0 0 0 0 0 0 0 0 0 0 0 0 0 0 0 0 0 0 0 0 0 0 0 0 0 0 0 0 0 0 0 0 0 0 0 8 8 16 16 16 24 24 32 32 32 32 32 32 32 32 32 32 32 32 32 24 24 16 16 16 8 8 0 0 0 0 0 0 0 0 0 0 0 0 0 0 0 0 0 0 0 0 0 0 0 0 0 0 0 0 0 0 0 0 0 0 0 0 0 0 0 0 0 0 0 0 0 0 0 0 0 0 0 3 6 9 4 7 10 5 8 11 13 13 21 21 21 29 29 37 37 37 40 45 50 47 52 57 54 59 64 61 64 64 56 48 40 32 32 24 16 8 0 0 0 0 0 0 0 0 0 0 0 0 0 0 0 0 0 0 0 0 0 0 0 0 0 0 0 0 0 0 
81 72 63 54 54 45 36 27 18 9 0 0 0 0 0 0 0 0 0 0 0 0 0 0 0 0 0 0 0 0 0 0 0 0 0 0 0 0 0 0 0 0 0 0 0 0 0 0 0 0 0 0 0 9 9 18 18 18 27 27 36 36 36 36 36 36 36 36 36 36 36 36 36 27 27 18 18 18 9 9 0 0 0 0 0 0 0 0 0 0 0 0 0 0 0 0 0 0 0 0 0 0 0 0 0 0 0 0 0 0 0 0 0 0 0 0 0 0 0 0 0 0 0 0 0 0 0 0 0 0 0 3 6 9 3 6 9 3 6 9 10 10 19 19 19 28 28 37 37 37 41 47 53 50 56 62 59 65 71 68 72 72 63 54 45 36 36 27 18 9 0 0 0 0 0 0 0 0 0 0 0 0 0 0 0 0 0 0 0 0 0 0 0 0 0 0 0 0 0 0 
96 87 78 69 60 51 42 33 24 15 0 0 0 0 0 0 0 0 0 0 0 0 0 0 0 0 0 0 0 0 0 0 0 0 0 0 0 0 0 0 0 0 0 0 0 0 0 0 0 0 0 4 8 12 16 20 24 28 32 36 43 43 43 43 43 43 43 43 43 43 48 44 40 36 32 28 24 20 16 12 0 0 0 0 0 0 0 0 0 0 0 0 0 0 0 0 0 0 0 0 0 0 0 0 0 0 0 0 0 0 0 0 0 0 0 0 0 0 0 0 0 0 0 0 0 0 0 0 0 0 0 0 0 0 0 0 0 0 0 0 0 4 8 12 16 20 24 28 32 36 48 52 56 60 64 68 72 76 80 84 88 80 72 64 56 48 40 32 24 16 0 0 0 0 0 0 0 0 0 0 0 0 0 0 0 0 0 0 0 0 0 0 0 0 0 0 0 0 0 0 
90 81 73 65 56 48 40 32 23 15 0 0 0 0 0 0 0 0 0 0 0 0 0 0 0 0 0 0 0 0 0 0 0 0 0 0 0 0 0 0 0 0 0 0 0 0 0 0 0 0 0 4 8 11 15 18 22 26 29 33 39 39 39 39 39 39 39 39 39 39 44 40 36 33 29 26 22 18 15 11 0 0 0 0 0 0 0 0 0 0 0 0 0 0 0 0 0 0 0 0 0 0 0 0 0 0 0 0 0 0 0 0 0 0 0 0 0 0 0 0 0 0 0 0 0 0 0 0 0 0 0 0 0 0 0 0 0 0 0 0 0 4 8 13 17 22 26 30 35 39 51 54 58 61 64 68 71 74 77 80 83 76 68 61 54 47 40 32 25 18 4 4 3 3 3 2 2 1 1 1 0 0 0 0 0 0 0 0 0 0 0 0 0 0 0 0 0 0 0 0 
84 75 68 61 52 45 38 31 22 15 0 0 0 0 0 0 0 0 0 0 0 0 0 0 0 0 0 0 0 0 0 0 0 0 0 0 0 0 0 0 0 0 0 0 0 0 0 0 0 0 0 4 8 10 14 16 20 24 26 30 35 35 35 35 35 35 35 35 35 35 40 36 32 30 26 24 20 16 14 10 0 0 0 0 0 0 0 0 0 0 0 0 0 0 0 0 0 0 0 0 0 0 0 0 0 0 0 0 0 0 0 0 0 0 0 0 0 0 0 0 0 0 0 0 0 0 0 0 0 0 0 0 0 0 0 0 0 0 0 0 0 4 8 14 18 24 28 32 38 42 54 56 60 62 64 68 70 72 74 76 78 72 64 58 52 46 40 32 26 20 8 8 6 6 6 4 4 2 2 2 0 0 0 0 0 0 0 0 0 0 0 0 0 0 0 0 0 0 0 0 
78 69 63 57 48 42 36 30 21 15 0 0 0 0 0 0 0 0 0 0 0 0 0 0 0 0 0 0 0 0 0 0 0 0 0 0 0 0 0 0 0 0 0 0 0 0 0 0 0 0 0 4 8 9 13 14 18 22 23 27 31 31 31 31 31 31 31 31 31 31 36 32 28 27 23 22 18 14 13 9 0 0 0 0 0 0 0 0 0 0 0 0 0 0 0 0 0 0 0 0 0 0 0 0 0 0 0 0 0 0 0 0 0 0 0 0 0 0 0 0 0 0 0 0 0 0 0 0 0 0 0 0 0 0 0 0 0 0 0 0 0 4 8 15 19 26 30 34 41 45 57 58 62 63 64 68 69 70 71 72 73 68 60 55 50 45 40 32 27 22 12 12 9 9 9 6 6 3 3 3 0 0 0 0 0 0 0 0 0 0 0 0 0 0 0 0 0 0 0 0 
72 63 58 53 44 39 34 29 20 15 0 0 0 0 0 0 0 0 0 0 0 0 0 0 0 0 0 0 0 0 0 0 0 0 0 0 0 0 0 0 0 0 0 0 0 0 0 0 0 0 0 4 8 8 12 12 16 20 20 24 27 27 27 27 27 27 27 27 27 27 32 28 24 24 20 20 16 12 12 8 0 0 0 0 0 0 0 0 0 0 0 0 0 0 0 0 0 0 0 0 0 0 0 0 0 0 0 0 0 0 0 0 0 0 0 0 0 0 0 0 0 0 0 0 0 0 0 0 0 0 0 0 0 0 0 0 0 0 0 0 0 4 8 16 20 28 32 36 44 48 60 60 64 64 64 68 68 68 68 68 68 64 56 52 48 44 40 32 28 24 16 16 12 12 12 8 8 4 4 4 0 0 0 0 0 0 0 0 0 0 0 0 0 0 0 0 0 0 0 0 
66 57 53 49 40 36 32 28 19 15 0 0 0 0 0 0 0 0 0 0 0 0 0 0 0 0 0 0 0 0 0 0 0 0 0 0 0 0 0 0 0 0 0 0 0 0 0 0 0 0 0 4 8 7 11 10 14 18 17 21 23 23 23 23 23 23 23 23 23 23 28 24 20 21 17 18 14 10 11 7 0 0 0 0 0 0 0 0 0 0 0 0 0 0 0 0 0 0 0 0 0 0 0 0 0 0 0 0 0 0 0 0 0 0 0 0 0 0 0 0 0 0 0 0 0 0 0 0 0 0 0 0 0 0 0 0 0 0 0 0 0 4 8 17 21 30 34 38 47 51 63 62 66 65 64 68 67 66 65 64 63 60 52 49 46 43 40 32 29 26 20 20 15 15 15 10 10 5 5 5 0 0 0 0 0 0 0 0 0 0 0 0 0 0 0 0 0 0 0 0 
60 51 48 45 36 33 30 27 18 15 0 0 0 0 0 0 0 0 0 0 0 0 0 0 0 0 0 0 0 0 0 0 0 0 0 0 0 0 0 0 0 0 0 0 0 0 0 0 0 0 0 4 8 6 10 8 12 16 14 18 19 19 19 19 19 19 19 19 19 19 24 20 16 18 14 16 12 8 10 6 0 0 0 0 0 0 0 0 0 0 0 0 0 0 0 0 0 0 0 0 0 0 0 0 0 0 0 0 0 0 0 0 0 0 0 0 0 0 0 0 0 0 0 0 0 0 0 0 0 0 0 0 0 0 0 0 0 0 0 0 0 4 8 18 22 32 36 40 50 54 66 64 68 66 64 68 66 64 62 60 58 56 48 46 44 42 40 32 30 28 24 24 18 18 18 12 12 6 6 6 0 0 0 0 0 0 0 0 0 0 0 0 0 0 0 0 0 0 0 0 
54 45 43 41 32 30 28 26 17 15 0 0 0 0 0 0 0 0 0 0 0 0 0 0 0 0 0 0 0 0 0 0 0 0 0 0 0 0 0 0 0 0 0 0 0 0 0 0 0 0 0 4 8 5 9 6 10 14 11 15 15 15 15 15 15 15 15 15 15 15 20 16 12 15 11 14 10 6 9 5 0 0 0 0 0 0 0 0 0 0 0 0 0 0 0 0 0 0 0 0 0 0 0 0 0 0 0 0 0 0 0 0 0 0 0 0 0 0 0 0 0 0 0 0 0 0 0 0 0 0 0 0 0 0 0 0 0 0 0 0 0 4 8 19 23 34 38 42 53 57 69 66 70 67 64 68 65 62 59 56 53 52 44 43 42 41 40 32 31 30 28 28 21 21 21 14 14 7 7 7 0 0 0 0 0 0 0 0 0 0 0 0 0 0 0 0 0 0 0 0 
48 39 38 37 28 27 26 25 16 15 0 0 0 0 0 0 0 0 0 0 0 0 0 0 0 0 0 0 0 0 0 0 0 0 0 0 0 0 0 0 0 0 0 0 0 0 0 0 0 0 0 4 8 4 8 4 8 12 8 12 11 11 11 11 11 11 11 11 11 11 16 12 8 12 8 12 8 4 8 4 0 0 0 0 0 0 0 0 0 0 0 0 0 0 0 0 0 0 0 0 0 0 0 0 0 0 0 0 0 0 0 0 0 0 0 0 0 0 0 0 0 0 0 0 0 0 0 0 0 0 0 0 0 0 0 0 0 0 0 0 0 4 8 20 24 36 40 44 56 60 72 68 72 68 64 68 64 60 56 52 48 48 40 40 40 40 40 32 32 32 32 32 24 24 24 16 16 8 8 8 0 0 0 0 0 0 0 0 0 0 0 0 0 0 0 0 0 0 0 0 
42 33 33 33 24 24 24 24 15 15 0 0 0 0 0 0 0 0 0 0 0 0 0 0 0 0 0 0 0 0 0 0 0 0 0 0 0 0 0 0 0 0 0 0 0 0 0 0 0 0 0 4 8 3 7 2 6 10 5 9 7 7 7 7 7 7 7 7 7 7 12 8 4 9 5 10 6 2 7 3 0 0 0 0 0 0 0 0 0 0 0 0 0 0 0 0 0 0 0 0 0 0 0 0 0 0 0 0 0 0 0 0 0 0 0 0 0 0 0 0 0 0 0 0 0 0 0 0 0 0 0 0 0 0 0 0 0 0 0 0 0 4 8 21 25 38 42 46 59 63 75 70 74 69 64 68 63 58 53 48 43 44 36 37 38 39 40 32 33 34 36 36 27 27 27 18 18 9 9 9 0 0 0 0 0 0 0 0 0 0 0 0 0 0 0 0 0 0 0 0 
28 26 24 22 20 18 16 14 12 10 0 0 0 0 0 0 0 0 0 0 0 0 0 0 0 0 0 0 0 0 0 0 0 0 0 0 0 0 0 0 0 0 0 0 0 0 0 0 0 0 0 0 0 0 0 0 0 0 0 0 0 0 0 0 0 0 0 0 0 0 0 0 0 0 0 0 0 0 0 0 0 0 0 0 0 0 0 0 0 0 0 0 0 0 0 0 0 0 0 0 0 0 0 0 0 0 0 0 0 0 0 0 0 0 0 0 0 0 0 0 0 0 0 0 0 0 0 0 0 0 0 0 0 0 0 0 0 0 0 0 0 8 16 24 32 40 48 56 64 72 86 81 76 71 66 61 56 51 46 41 30 31 32 33 34 35 36 37 38 39 46 42 38 34 30 26 22 18 14 10 0 0 0 0 0 0 0 0 0 0 0 0 0 0 0 0 0 0 0 0 
26 24 22 20 18 17 15 13 11 9 0 0 0 0 0 0 0 0 0 0 0 0 0 0 0 0 0 0 0 0 0 0 0 0 1 1 1 2 2 2 3 2 2 2 1 1 1 0 0 0 0 0 0 0 0 0 0 0 0 0 0 0 0 0 0 0 0 0 0 0 0 0 0 0 0 0 0 0 0 0 0 0 0 0 0 0 0 0 0 0 0 0 0 0 0 0 0 0 0 0 0 0 0 0 0 0 0 0 0 0 0 0 0 1 1 2 2 2 3 3 4 4 3 3 2 2 2 1 1 0 0 0 0 0 0 0 0 0 0 0 0 8 15 22 29 36 44 51 58 65 78 73 69 64 60 55 51 46 42 37 27 29 31 33 34 36 37 39 41 43 51 47 43 40 36 33 29 25 22 18 9 9 8 7 6 5 4 3 2 1 0 0 0 0 0 0 0 0 0 0 
24 22 20 18 16 16 14 12 10 8 0 0 0 0 0 0 0 0 0 0 0 0 0 0 0 0 0 0 0 0 0 0 0 0 2 2 2 4 4 4 6 4 4 4 2 2 2 0 0 0 0 0 0 0 0 0 0 0 0 0 0 0 0 0 0 0 0 0 0 0 0 0 0 0 0 0 0 0 0 0 0 0 0 0 0 0 0 0 0 0 0 0 0 0 0 0 0 0 0 0 0 0 0 0 0 0 0 0 0 0 0 0 0 2 2 4 4 4 6 6 8 8 6 6 4 4 4 2 2 0 0 0 0 0 0 0 0 0 0 0 0 8 14 20 26 32 40 46 52 58 70 65 62 57 54 49 46 41 38 33 24 27 30 33 34 37 38 41 44 47 56 52 48 46 42 40 36 32 30 26 18 18 16 14 12 10 8 6 4 2 0 0 0 0 0 0 0 0 0 0 
22 20 18 16 14 15 13 11 9 7 0 0 0 0 0 0 0 0 0 0 0 0 0 0 0 0 0 0 0 0 0 0 0 0 3 3 3 6 6 6 9 6 6 6 3 3 3 0 0 0 0 0 0 0 0 0 0 0 0 0 0 0 0 0 0 0 0 0 0 0 0 0 0 0 0 0 0 0 0 0 0 0 0 0 0 0 0 0 0 0 0 0 0 0 0 0 0 0 0 0 0 0 0 0 0 0 0 0 0 0 0 0 0 3 3 6 6 6 9 9 12 12 9 9 6 6 6 3 3 0 0 0 0 0 0 0 0 0 0 0 0 8 13 18 23 28 36 41 46 51 62 57 55 50 48 43 41 36 34 29 21 25 29 33 34 38 39 43 47 51 61 57 53 52 48 47 43 39 38 34 27 27 24 21 18 15 12 9 6 3 0 0 0 0 0 0 0 0 0 0 
20 18 16 14 12 14 12 10 8 6 0 0 0 0 0 0 0 0 0 0 0 0 0 0 0 0 0 0 0 0 0 0 0 0 4 4 4 8 8 8 12 8 8 8 4 4 4 0 0 0 0 0 0 0 0 0 0 0 0 0 0 0 0 0 0 0 0 0 0 0 0 0 0 0 0 0 0 0 0 0 0 0 0 0 0 0 0 0 0 0 0 0 0 0 0 0 0 0 0 0 0 0 0 0 0 0 0 0 0 0 0 0 0 4 4 8 8 8 12 12 16 16 12 12 8 8 8 4 4 0 0 0 0 0 0 0 0 0 0 0 0 8 12 16 20 24 32 36 40 44 54 49 48 43 42 37 36 31 30 25 18 23 28 33 34 39 40 45 50 55 66 62 58 58 54 54 50 46 46 42 36 36 32 28 24 20 16 12 8 4 0 0 0 0 0 0 0 0 0 0 
18 16 14 12 10 13 11 9 7 5 0 0 0 0 0 0 0 0 0 0 0 0 0 0 0 0 0 0 0 0 0 0 0 0 5 5 5 10 10 10 15 10 10 10 5 5 5 0 0 0 0 0 0 0 0 0 0 0 0 0 0 0 0 0 0 0 0 0 0 0 0 0 0 0 0 0 0 0 0 0 0 0 0 0 0 0 0 0 0 0 0 0 0 0 0 0 0 0 0 0 0 0 0 0 0 0 0 0 0 0 0 0 0 5 5 10 10 10 15 15 20 20 15 15 10 10 10 5 5 0 0 0 0 0 0 0 0 0 0 0 0 8 11 14 17 20 28 31 34 37 46 41 41 36 36 31 31 26 26 21 15 21 27 33 34 40 41 47 53 59 71 67 63 64 60 61 57 53 54 50 45 45 40 35 30 25 20 15 10 5 0 0 0 0 0 0 0 0 0 0 
16 14 12 10 8 12 10 8 6 4 0 0 0 0 0 0 0 0 0 0 0 0 0 0 0 0 0 0 0 0 0 0 0 0 6 6 6 12 12 12 18 12 12 12 6 6 6 0 0 0 0 0 0 0 0 0 0 0 0 0 0 0 0 0 0 0 0 0 0 0 0 0 0 0 0 0 0 0 0 0 0 0 0 0 0 0 0 0 0 0 0 0 0 0 0 0 0 0 0 0 0 0 0 0 0 0 0 0 0 0 0 0 0 6 6 12 12 12 18 18 24 24 18 18 12 12 12 6 6 0 0 0 0 0 0 0 0 0 0 0 0 8 10 12 14 16 24 26 28 30 38 33 34 29 30 25 26 21 22 17 12 19 26 33 34 41 42 49 56 63 76 72 68 70 66 68 64 60 62 58 54 54 48 42 36 30 24 18 12 6 0 0 0 0 0 0 0 0 0 0 
14 12 10 8 6 11 9 7 5 3 0 0 0 0 0 0 0 0 0 0 0 0 0 0 0 0 0 0 0 0 0 0 0 0 7 7 7 14 14 14 21 14 14 14 7 7 7 0 0 0 0 0 0 0 0 0 0 0 0 0 0 0 0 0 0 0 0 0 0 0 0 0 0 0 0 0 0 0 0 0 0 0 0 0 0 0 0 0 0 0 0 0 0 0 0 0 0 0 0 0 0 0 0 0 0 0 0 0 0 0 0 0 0 7 7 14 14 14 21 21 28 28 21 21 14 14 14 7 7 0 0 0 0 0 0 0 0 0 0 0 0 8 9 10 11 12 20 21 22 23 30 25 27 22 24 19 21 16 18 13 9 17 25 33 34 42 43 51 59 67 81 77 73 76 72 75 71 67 70 66 63 63 56 49 42 35 28 21 14 7 0 0 0 0 0 0 0 0 0 0 
12 10 8 6 4 10 8 6 4 2 0 0 0 0 0 0 0 0 0 0 0 0 0 0 0 0 0 0 0 0 0 0 0 0 8 8 8 16 16 16 24 16 16 16 8 8 8 0 0 0 0 0 0 0 0 0 0 0 0 0 0 0 0 0 0 0 0 0 0 0 0 0 0 0 0 0 0 0 0 0 0 0 0 0 0 0 0 0 0 0 0 0 0 0 0 0 0 0 0 0 0 0 0 0 0 0 0 0 0 0 0 0 0 8 8 16 16 16 24 24 32 32 24 24 16 16 16 8 8 0 0 0 0 0 0 0 0 0 0 0 0 8 8 8 8 8 16 16 16 16 22 17 20 15 18 13 16 11 14 9 6 15 24 33 34 43 44 53 62 71 86 82 78 82 78 82 78 74 78 74 72 72 64 56 48 40 32 24 16 8 0 0 0 0 0 0 0 0 0 0 
10 8 6 4 2 9 7 5 3 1 0 0 0 0 0 0 0 0 0 0 0 0 0 0 0 0 0 0 0 0 0 0 0 0 9 9 9 18 18 18 27 18 18 18 9 9 9 0 0 0 0 0 0 0 0 0 0 0 0 0 0 0 0 0 0 0 0 0 0 0 0 0 0 0 0 0 0 0 0 0 0 0 0 0 0 0 0 0 0 0 0 0 0 0 0 0 0 0 0 0 0 0 0 0 0 0 0 0 0 0 0 0 0 9 9 18 18 18 27 27 36 36 27 27 18 18 18 9 9 0 0 0 0 0 0 0 0 0 0 0 0 8 7 6 5 4 12 11 10 9 14 9 13 8 12 7 11 6 10 5 3 13 23 33 34 44 45 55 65 75 91 87 83 88 84 89 85 81 86 82 81 81 72 63 54 45 36 27 18 9 0 0 0 0 0 0 0 0 0 0 
0 0 0 0 0 0 0 0 0 0 0 0 0 0 0 0 0 0 0 0 0 0 0 0 0 0 0 0 0 0 0 3 6 9 12 15 18 21 24 27 30 27 24 21 18 15 12 9 6 3 0 0 0 0 0 0 0 0 0 0 0 0 0 0 0 0 0 0 0 0 0 0 0 0 0 0 0 0 0 0 0 0 0 0 0 0 0 0 0 0 0 0 0 0 0 0 0 0 0 0 0 0 0 0 0 0 0 0 0 0 0 4 8 12 16 20 24 28 32 36 44 40 36 32 28 24 20 16 12 8 0 0 0 0 0 0 0 0 0 0 0 0 0 0 0 0 0 0 0 0 0 0 0 0 0 0 0 0 0 0 0 9 18 27 36 45 54 63 72 81 96 96 96 96 96 96 96 96 96 96 99 90 81 72 63 54 45 36 27 18 0 0 0 0 0 0 0 0 0 0 
0 0 0 0 0 0 0 0 0 0 0 0 0 0 0 0 0 0 0 0 0 0 1 2 3 4 5 6 7 8 9 12 14 16 18 20 23 25 27 29 31 28 25 22 20 17 14 12 9 6 3 3 2 2 2 1 1 1 1 0 0 0 0 0 0 0 0 0 0 0 0 0 0 0 0 0 0 0 0 0 0 0 0 0 0 0 0 0 0 0 0 0 0 0 0 0 0 0 0 0 0 0 0 0 0 0 0 0 0 0 0 4 8 11 15 18 22 26 29 33 40 36 33 29 26 22 18 15 11 8 0 0 0 0 0 0 0 0 0 0 0 0 0 0 0 0 0 0 0 0 0 0 0 0 0 0 0 0 0 0 0 9 17 25 33 41 49 57 65 73 87 87 87 88 88 88 89 89 89 90 93 85 77 70 62 54 46 39 31 23 8 8 8 8 8 8 8 8 8 8 
0 0 0 0 0 0 0 0 0 0 0 0 0 0 0 0 0 0 0 0 0 0 2 4 6 8 10 12 14 16 18 21 22 23 24 25 28 29 30 31 32 29 26 23 22 19 16 15 12 9 6 6 4 4 4 2 2 2 2 0 0 0 0 0 0 0 0 0 0 0 0 0 0 0 0 0 0 0 0 0 0 0 0 0 0 0 0 0 0 0 0 0 0 0 0 0 0 0 0 0 0 0 0 0 0 0 0 0 0 0 0 4 8 10 14 16 20 24 26 30 36 32 30 26 24 20 16 14 10 8 0 0 0 0 0 0 0 0 0 0 0 0 0 0 0 0 0 0 0 0 0 0 0 0 0 0 0 0 0 0 0 9 16 23 30 37 44 51 58 65 78 78 78 80 80 80 82 82 82 84 87 80 73 68 61 54 47 42 35 28 16 16 16 16 16 16 16 16 16 16 
0 0 0 0 0 0 0 0 0 0 0 0 0 0 0 0 0 0 0 0 0 0 3 6 9 12 15 18 21 24 27 30 30 30 30 30 33 33 33 33 33 30 27 24 24 21 18 18 15 12 9 9 6 6 6 3 3 3 3 0 0 0 0 0 0 0 0 0 0 0 0 0 0 0 0 0 0 0 0 0 0 0 0 0 0 0 0 0 0 0 0 0 0 0 0 0 0 0 0 0 0 0 0 0 0 0 0 0 0 0 0 4 8 9 13 14 18 22 23 27 32 28 27 23 22 18 14 13 9 8 0 0 0 0 0 0 0 0 0 0 0 0 0 0 0 0 0 0 0 0 0 0 0 0 0 0 0 0 0 0 0 9 15 21 27 33 39 45 51 57 69 69 69 72 72 72 75 75 75 78 81 75 69 66 60 54 48 45 39 33 24 24 24 24 24 24 24 24 24 24 
0 0 0 0 0 0 0 0 0 0 0 0 0 0 0 0 0 0 0 0 0 0 4 8 12 16 20 24 28 32 36 39 38 37 36 35 38 37 36 35 34 31 28 25 26 23 20 21 18 15 12 12 8 8 8 4 4 4 4 0 0 0 0 0 0 0 0 0 0 0 0 0 0 0 0 0 0 0 0 0 0 0 0 0 0 0 0 0 0 0 0 0 0 0 0 0 0 0 0 0 0 0 0 0 0 0 0 0 0 0 0 4 8 8 12 12 16 20 20 24 28 24 24 20 20 16 12 12 8 8 0 0 0 0 0 0 0 0 0 0 0 0 0 0 0 0 0 0 0 0 0 0 0 0 0 0 0 0 0 0 0 9 14 19 24 29 34 39 44 49 60 60 60 64 64 64 68 68 68 72 75 70 65 64 59 54 49 48 43 38 32 32 32 32 32 32 32 32 32 32 
0 0 0 0 0 0 0 0 0 0 0 0 0 0 0 0 0 0 0 0 0 0 5 10 15 20 25 30 35 40 45 48 46 44 42 40 43 41 39 37 35 32 29 26 28 25 22 24 21 18 15 15 10 10 10 5 5 5 5 0 0 0 0 0 0 0 0 0 0 0 0 0 0 0 0 0 0 0 0 0 0 0 0 0 0 0 0 0 0 0 0 0 0 0 0 0 0 0 0 0 0 0 0 0 0 0 0 0 0 0 0 4 8 7 11 10 14 18 17 21 24 20 21 17 18 14 10 11 7 8 0 0 0 0 0 0 0 0 0 0 0 0 0 0 0 0 0 0 0 0 0 0 0 0 0 0 0 0 0 0 0 9 13 17 21 25 29 33 37 41 51 51 51 56 56 56 61 61 61 66 69 65 61 62 58 54 50 51 47 43 40 40 40 40 40 40 40 40 40 40 
0 0 0 0 0 0 0 0 0 0 0 0 0 0 0 0 0 0 0 0 0 0 6 12 18 24 30 36 42 48 54 57 54 51 48 45 48 45 42 39 36 33 30 27 30 27 24 27 24 21 18 18 12 12 12 6 6 6 6 0 0 0 0 0 0 0 0 0 0 0 0 0 0 0 0 0 0 0 0 0 0 0 0 0 0 0 0 0 0 0 0 0 0 0 0 0 0 0 0 0 0 0 0 0 0 0 0 0 0 0 0 4 8 6 10 8 12 16 14 18 20 16 18 14 16 12 8 10 6 8 0 0 0 0 0 0 0 0 0 0 0 0 0 0 0 0 0 0 0 0 0 0 0 0 0 0 0 0 0 0 0 9 12 15 18 21 24 27 30 33 42 42 42 48 48 48 54 54 54 60 63 60 57 60 57 54 51 54 51 48 48 48 48 48 48 48 48 48 48 48 
0 0 0 0 0 0 0 0 0 0 0 0 0 0 0 0 0 0 0 0 0 0 7 14 21 28 35 42 49 56 63 66 62 58 54 50 53 49 45 41 37 34 31 28 32 29 26 30 27 24 21 21 14 14 14 7 7 7 7 0 0 0 0 0 0 0 0 0 0 0 0 0 0 0 0 0 0 0 0 0 0 0 0 0 0 0 0 0 0 0 0 0 0 0 0 0 0 0 0 0 0 0 0 0 0 0 0 0 0 0 0 4 8 5 9 6 10 14 11 15 16 12 15 11 14 10 6 9 5 8 0 0 0 0 0 0 0 0 0 0 0 0 0 0 0 0 0 0 0 0 0 0 0 0 0 0 0 0 0 0 0 9 11 13 15 17 19 21 23 25 33 33 33 40 40 40 47 47 47 54 57 55 53 58 56 54 52 57 55 53 56 56 56 56 56 56 56 56 56 56 
0 0 0 0 0 0 0 0 0 0 0 0 0 0 0 0 0 0 0 0 0 0 8 16 24 32 40 48 56 64 72 75 70 65 60 55 58 53 48 43 38 35 32 29 34 31 28 33 30 27 24 24 16 16 16 8 8 8 8 0 0 0 0 0 0 0 0 0 0 0 0 0 0 0 0 0 0 0 0 0 0 0 0 0 0 0 0 0 0 0 0 0 0 0 0 0 0 0 0 0 0 0 0 0 0 0 0 0 0 0 0 4 8 4 8 4 8 12 8 12 12 8 12 8 12 8 4 8 4 8 0 0 0 0 0 0 0 0 0 0 0 0 0 0 0 0 0 0 0 0 0 0 0 0 0 0 0 0 0 0 0 9 10 11 12 13 14 15 16 17 24 24 24 32 32 32 40 40 40 48 51 50 49 56 55 54 53 60 59 58 64 64 64 64 64 64 64 64 64 64 
0 0 0 0 0 0 0 0 0 0 0 0 0 0 0 0 0 0 0 0 0 0 9 18 27 36 45 54 63 72 81 84 78 72 66 60 63 57 51 45 39 36 33 30 36 33 30 36 33 30 27 27 18 18 18 9 9 9 9 0 0 0 0 0 0 0 0 0 0 0 0 0 0 0 0 0 0 0 0 0 0 0 0 0 0 0 0 0 0 0 0 0 0 0 0 0 0 0 0 0 0 0 0 0 0 0 0 0 0 0 0 4 8 3 7 2 6 10 5 9 8 4 9 5 10 6 2 7 3 8 0 0 0 0 0 0 0 0 0 0 0 0 0 0 0 0 0 0 0 0 0 0 0 0 0 0 0 0 0 0 0 9 9 9 9 9 9 9 9 9 15 15 15 24 24 24 33 33 33 42 45 45 45 54 54 54 54 63 63 63 72 72 72 72 72 72 72 72 72 72 
0 0 0 0 0 0 0 0 0 0 0 0 0 0 0 0 0 0 0 0 0 9 18 27 36 45 54 63 72 81 99 94 89 84 79 74 69 64 59 54 40 40 40 40 40 40 40 40 40 40 34 31 28 25 22 19 16 13 10 7 0 0 0 0 0 0 0 0 0 0 0 0 0 0 0 0 0 0 0 0 0 0 0 0 0 0 0 0 0 0 0 0 0 0 0 0 0 0 0 0 0 0 0 0 0 0 0 0 0 0 0 0 0 0 0 0 0 0 0 0 0 0 0 0 0 0 0 0 0 0 0 0 0 0 0 0 0 0 0 0 0 0 0 0 0 0 0 0 0 0 0 0 0 0 0 0 0 0 0 0 0 0 0 0 0 0 0 0 0 0 0 3 6 9 12 15 18 21 24 27 31 36 41 46 51 56 61 66 71 76 82 82 82 82 82 82 82 82 82 82 
0 0 0 0 0 0 0 0 0 0 0 0 0 0 0 0 0 0 0 0 0 9 17 25 33 41 49 57 65 73 90 85 81 77 73 69 65 61 57 53 40 40 40 40 40 40 40 40 39 39 34 31 28 25 22 19 16 13 10 7 0 0 0 0 0 0 0 0 0 0 0 0 0 0 0 0 0 0 0 0 0 0 0 0 0 0 0 0 0 0 0 0 0 0 0 0 0 0 0 0 0 0 0 0 0 0 0 0 0 0 0 0 0 0 0 0 0 0 0 0 0 0 0 0 0 0 0 0 0 0 0 0 0 0 0 0 0 0 0 0 0 0 0 0 0 0 0 0 0 0 0 0 0 0 0 0 0 0 0 0 0 0 0 0 0 0 0 0 0 0 0 3 6 9 11 14 17 19 22 25 28 33 38 43 48 52 57 62 67 72 78 78 78 78 78 78 78 78 78 78 
0 0 0 0 0 0 0 0 0 0 0 0 0 0 0 0 0 0 0 0 0 9 16 23 30 37 44 51 58 65 81 76 73 70 67 64 61 58 55 52 40 40 40 40 40 40 40 40 38 38 34 31 28 25 22 19 16 13 10 7 0 0 0 0 0 0 0 0 0 0 0 0 0 0 0 0 0 0 0 0 0 0 0 0 0 0 0 0 0 0 0 0 0 0 0 0 0 0 0 0 0 0 0 0 0 0 0 0 0 0 0 0 0 0 0 0 0 0 0 0 0 0 0 0 0 0 0 0 0 0 0 0 0 0 0 0 0 0 0 0 0 0 0 0 0 0 0 0 0 0 0 0 0 0 0 0 0 0 0 0 0 0 0 0 0 0 0 0 0 0 0 3 6 9 10 13 16 17 20 23 25 30 35 40 45 48 53 58 63 68 74 74 74 74 74 74 74 74 74 74 
0 0 0 0 0 0 0 0 0 0 0 0 0 0 0 0 0 0 0 0 0 9 15 21 27 33 39 45 51 57 72 67 65 63 61 59 57 55 53 51 40 40 40 40 40 40 40 40 37 37 34 31 28 25 22 19 16 13 10 7 0 0 0 0 0 0 0 0 0 0 0 0 0 0 0 0 0 0 0 0 0 0 0 0 0 0 0 0 0 0 0 0 0 0 0 0 0 0 0 0 0 0 0 0 0 0 0 0 0 0 0 0 0 0 0 0 0 0 0 0 0 0 0 0 0 0 0 0 0 0 0 0 0 0 0 0 0 0 0 0 0 0 0 0 0 0 0 0 0 0 0 0 0 0 0 0 0 0 0 0 0 0 0 0 0 0 0 0 0 0 0 3 6 9 9 12 15 15 18 21 22 27 32 37 42 44 49 54 59 64 70 70 70 70 70 70 70 70 70 70 
0 0 0 0 0 0 0 0 0 0 0 0 0 0 0 0 0 0 0 0 0 9 14 19 24 29 34 39 44 49 63 58 57 56 55 54 53 52 51 50 40 40 40 40 40 40 40 40 36 36 34 31 28 25 22 19 16 13 10 7 0 0 0 0 0 0 0 0 0 0 0 0 0 0 0 0 0 0 0 0 0 0 0 0 0 0 0 0 0 0 0 0 0 0 0 0 0 0 0 0 0 0 0 0 0 0 0 0 0 0 0 0 0 0 0 0 0 0 0 0 0 0 0 0 0 0 0 0 0 0 0 0 0 0 0 0 0 0 0 0 0 0 0 0 0 0 0 0 0 0 0 0 0 0 0 0 0 0 0 0 0 0 0 0 0 0 0 0 0 0 0 3 6 9 8 11 14 13 16 19 19 24 29 34 39 40 45 50 55 60 66 66 66 66 66 66 66 66 66 66 
0 0 0 0 0 0 0 0 0 0 0 0 0 0 0 0 0 0 0 0 0 9 13 17 21 25 29 33 37 41 54 49 49 49 49 49 49 49 49 49 40 40 40 40 40 40 40 40 35 35 34 31 28 25 22 19 16 13 10 7 0 0 0 0 0 0 0 0 0 0 0 0 0 0 0 0 0 0 0 0 0 0 0 0 0 0 0 0 0 0 0 0 0 0 0 0 0 0 0 0 0 0 0 0 0 0 0 0 0 0 0 0 0 0 0 0 0 0 0 0 0 0 0 0 0 0 0 0 0 0 0 0 0 0 0 0 0 0 0 0 0 0 0 0 0 0 0 0 0 0 0 0 0 0 0 0 0 0 0 0 0 0 0 0 0 0 0 0 0 0 0 3 6 9 7 10 13 11 14 17 16 21 26 31 36 36 41 46 51 56 62 62 62 62 62 62 62 62 62 62 
0 0 0 0 0 0 0 0 0 0 0 0 0 0 0 0 0 0 0 0 0 9 12 15 18 21 24 27 30 33 45 40 41 42 43 44 45 46 47 48 40 40 40 40 40 40 40 40 34 34 34 31 28 25 22 19 16 13 10 7 0 0 0 0 0 0 0 0 0 0 0 0 0 0 0 0 0 0 0 0 0 0 0 0 0 0 0 0 0 0 0 0 0 0 0 0 0 0 0 0 0 0 0 0 0 0 0 0 0 0 0 0 0 0 0 0 0 0 0 0 0 0 0 0 0 0 0 0 0 0 0 0 0 0 0 0 0 0 0 0 0 0 0 0 0 0 0 0 0 0 0 0 0 0 0 0 0 0 0 0 0 0 0 0 0 0 0 0 0 0 0 3 6 9 6 9 12 9 12 15 13 18 23 28 33 32 37 42 47 52 58 58 58 58 58 58 58 58 58 58 
0 0 0 0 0 0 0 0 0 0 0 0 0 0 0 0 0 0 0 0 0 9 11 13 15 17 19 21 23 25 36 31 33 35 37 39 41 43 45 47 40 40 40 40 40 40 40 40 33 33 34 31 28 25 22 19 16 13 10 7 0 0 0 0 0 0 0 0 0 0 0 0 0 0 0 0 0 0 0 0 0 0 0 0 0 0 0 0 0 0 0 0 0 0 0 0 0 0 0 0 0 0 0 0 0 0 0 0 0 0 0 0 0 0 0 0 0 0 0 0 0 0 0 0 0 0 0 0 0 0 0 0 0 0 0 0 0 0 0 0 0 0 0 0 0 0 0 0 0 0 0 0 0 0 0 0 0 0 0 0 0 0 0 0 0 0 0 0 0 0 0 3 6 9 5 8 11 7 10 13 10 15 20 25 30 28 33 38 43 48 54 54 54 54 54 54 54 54 54 54 
0 0 0 0 0 0 0 0 0 0 0 0 0 0 0 0 0 0 0 0 0 9 10 11 12 13 14 15 16 17 27 22 25 28 31 34 37 40 43 46 40 40 40 40 40 40 40 40 32 32 34 31 28 25 22 19 16 13 10 7 0 0 0 0 0 0 0 0 0 0 0 0 0 0 0 0 0 0 0 0 0 0 0 0 0 0 0 0 0 0 0 0 0 0 0 0 0 0 0 0 0 0 0 0 0 0 0 0 0 0 0 0 0 0 0 0 0 0 0 0 0 0 0 0 0 0 0 0 0 0 0 0 0 0 0 0 0 0 0 0 0 0 0 0 0 0 0 0 0 0 0 0 0 0 0 0 0 0 0 0 0 0 0 0 0 0 0 0 0 0 0 3 6 9 4 7 10 5 8 11 7 12 17 22 27 24 29 34 39 44 50 50 50 50 50 50 50 50 50 50 
0 0 0 0 0 0 0 0 0 0 0 0 0 0 0 0 0 0 0 0 0 9 9 9 9 9 9 9 9 9 18 13 17 21 25 29 33 37 41 45 40 40 40 40 40 40 40 40 31 31 34 31 28 25 22 19 16 13 10 7 0 0 0 0 0 0 0 0 0 0 0 0 0 0 0 0 0 0 0 0 0 0 0 0 0 0 0 0 0 0 0 0 0 0 0 0 0 0 0 0 0 0 0 0 0 0 0 0 0 0 0 0 0 0 0 0 0 0 0 0 0 0 0 0 0 0 0 0 0 0 0 0 0 0 0 0 0 0 0 0 0 0 0 0 0 0 0 0 0 0 0 0 0 0 0 0 0 0 0 0 0 0 0 0 0 0 0 0 0 0 0 3 6 9 3 6 9 3 6 9 4 9 14 19 24 20 25 30 35 40 46 46 46 46 46 46 46 46 46 46 
0 0 0 0 0 0 0 0 0 0 0 0 0 0 0 0 0 0 0 0 0 0 0 0 0 0 0 0 0 0 0 4 8 12 16 20 24 28 32 36 46 44 42 40 38 36 34 32 30 28 25 23 21 19 17 15 13 11 9 7 0 0 0 0 0 0 0 0 0 0 0 0 0 0 0 0 0 0 0 0 0 0 0 0 0 0 0 0 0 0 0 0 0 0 0 0 0 0 0 0 0 0 0 0 0 0 0 0 0 0 0 0 0 0 0 0 0 0 0 0 0 0 0 0 0 0 0 0 0 0 0 0 0 0 0 0 0 0 0 0 0 0 0 0 0 0 0 0 0 0 0 0 0 0 0 0 0 0 0 0 0 0 0 0 0 0 0 0 0 0 0 0 0 0 0 0 0 0 0 0 0 3 6 9 12 15 18 21 24 27 34 34 34 34 34 34 34 34 34 34 
0 0 0 0 0 0 0 0 0 0 0 0 0 0 0 0 0 0 0 0 0 0 1 2 2 3 4 4 5 6 7 11 14 17 20 24 27 30 34 37 46 44 42 39 37 35 33 31 28 26 23 21 19 18 16 14 12 10 9 7 0 0 1 2 2 3 4 4 5 6 7 6 6 5 4 4 3 2 2 1 0 0 0 0 0 0 0 0 0 0 0 0 0 0 0 0 0 0 0 0 0 0 0 0 0 0 0 0 0 0 0 0 0 0 0 0 0 0 0 0 0 0 0 0 0 0 0 0 0 0 0 0 1 2 2 3 4 4 5 6 7 7 7 6 6 6 6 6 5 5 4 4 3 3 3 2 2 1 1 1 0 0 0 0 0 0 0 0 0 0 0 0 0 0 0 0 0 0 0 0 0 3 6 9 11 14 17 19 22 25 31 31 31 31 31 31 31 31 31 31 
0 0 0 0 0 0 0 0 0 0 0 0 0 0 0 0 0 0 0 0 0 0 2 4 4 6 8 8 10 12 14 18 20 22 24 28 30 32 36 38 46 44 42 38 36 34 32 30 26 24 21 19 17 17 15 13 11 9 9 7 0 0 2 4 4 6 8 8 10 12 14 12 12 10 8 8 6 4 4 2 0 0 0 0 0 0 0 0 0 0 0 0 0 0 0 0 0 0 0 0 0 0 0 0 0 0 0 0 0 0 0 0 0 0 0 0 0 0 0 0 0 0 0 0 0 0 0 0 0 0 0 0 2 4 4 6 8 8 10 12 14 14 14 12 12 12 12 12 10 10 8 8 6 6 6 4 4 2 2 2 0 0 0 0 0 0 0 0 0 0 0 0 0 0 0 0 0 0 0 0 0 3 6 9 10 13 16 17 20 23 28 28 28 28 28 28 28 28 28 28 
0 0 0 0 0 0 0 0 0 0 0 0 0 0 0 0 0 0 0 0 0 0 3 6 6 9 12 12 15 18 21 25 26 27 28 32 33 34 38 39 46 44 42 37 35 33 31 29 24 22 19 17 15 16 14 12 10 8 9 7 0 0 3 6 6 9 12 12 15 18 21 18 18 15 12 12 9 6 6 3 0 0 0 0 0 0 0 0 0 0 0 0 0 0 0 0 0 0 0 0 0 0 0 0 0 0 0 0 0 0 0 0 0 0 0 0 0 0 0 0 0 0 0 0 0 0 0 0 0 0 0 0 3 6 6 9 12 12 15 18 21 21 21 18 18 18 18 18 15 15 12 12 9 9 9 6 6 3 3 3 0 0 0 0 0 0 0 0 0 0 0 0 0 0 0 0 0 0 0 0 0 3 6 9 9 12 15 15 18 21 25 25 25 25 25 25 25 25 25 25 
0 0 0 0 0 0 0 0 0 0 0 0 0 0 0 0 0 0 0 0 0 0 4 8 8 12 16 16 20 24 28 32 32 32 32 36 36 36 40 40 46 44 42 36 34 32 30 28 22 20 17 15 13 15 13 11 9 7 9 7 0 0 4 8 8 12 16 16 20 24 28 24 24 20 16 16 12 8 8 4 0 0 0 0 0 0 0 0 0 0 0 0 0 0 0 0 0 0 0 0 0 0 0 0 0 0 0 0 0 0 0 0 0 0 0 0 0 0 0 0 0 0 0 0 0 0 0 0 0 0 0 0 4 8 8 12 16 16 20 24 28 28 28 24 24 24 24 24 20 20 16 16 12 12 12 8 8 4 4 4 0 0 0 0 0 0 0 0 0 0 0 0 0 0 0 0 0 0 0 0 0 3 6 9 8 11 14 13 16 19 22 22 22 22 22 22 22 22 22 22 
0 0 0 0 0 0 0 0 0 0 0 0 0 0 0 0 0 0 0 0 0 0 5 10 10 15 20 20 25 30 35 39 38 37 36 40 39 38 42 41 46 44 42 35 33 31 29 27 20 18 15 13 11 14 12 10 8 6 9 7 0 0 5 10 10 15 20 20 25 30 35 30 30 25 20 20 15 10 10 5 0 0 0 0 0 0 0 0 0 0 0 0 0 0 0 0 0 0 0 0 0 0 0 0 0 0 0 0 0 0 0 0 0 0 0 0 0 0 0 0 0 0 0 0 0 0 0 0 0 0 0 0 5 10 10 15 20 20 25 30 35 35 35 30 30 30 30 30 25 25 20 20 15 15 15 10 10 5 5 5 0 0 0 0 0 0 0 0 0 0 0 0 0 0 0 0 0 0 0 0 0 3 6 9 7 10 13 11 14 17 19 19 19 19 19 19 19 19 19 19 
0 0 0 0 0 0 0 0 0 0 0 0 0 0 0 0 0 0 0 0 0 0 6 12 12 18 24 24 30 36 42 46 44 42 40 44 42 40 44 42 46 44 42 34 32 30 28 26 18 16 13 11 9 13 11 9 7 5 9 7 0 0 6 12 12 18 24 24 30 36 42 36 36 30 24 24 18 12 12 6 0 0 0 0 0 0 0 0 0 0 0 0 0 0 0 0 0 0 0 0 0 0 0 0 0 0 0 0 0 0 0 0 0 0 0 0 0 0 0 0 0 0 0 0 0 0 0 0 0 0 0 0 6 12 12 18 24 24 30 36 42 42 42 36 36 36 36 36 30 30 24 24 18 18 18 12 12 6 6 6 0 0 0 0 0 0 0 0 0 0 0 0 0 0 0 0 0 0 0 0 0 3 6 9 6 9 12 9 12 15 16 16 16 16 16 16 16 16 16 16 
0 0 0 0 0 0 0 0 0 0 0 0 0 0 0 0 0 0 0 0 0 0 7 14 14 21 28 28 35 42 49 53 50 47 44 48 45 42 46 43 46 44 42 33 31 29 27 25 16 14 11 9 7 12 10 8 6 4 9 7 0 0 7 14 14 21 28 28 35 42 49 42 42 35 28 28 21 14 14 7 0 0 0 0 0 0 0 0 0 0 0 0 0 0 0 0 0 0 0 0 0 0 0 0 0 0 0 0 0 0 0 0 0 0 0 0 0 0 0 0 0 0 0 0 0 0 0 0 0 0 0 0 7 14 14 21 28 28 35 42 49 49 49 42 42 42 42 42 35 35 28 28 21 21 21 14 14 7 7 7 0 0 0 0 0 0 0 0 0 0 0 0 0 0 0 0 0 0 0 0 0 3 6 9 5 8 11 7 10 13 13 13 13 13 13 13 13 13 13 13 
0 0 0 0 0 0 0 0 0 0 0 0 0 0 0 0 0 0 0 0 0 0 8 16 16 24 32 32 40 48 56 60 56 52 48 52 48 44 48 44 46 44 42 32 30 28 26 24 14 12 9 7 5 11 9 7 5 3 9 7 0 0 8 16 16 24 32 32 40 48 56 48 48 40 32 32 24 16 16 8 0 0 0 0 0 0 0 0 0 0 0 0 0 0 0 0 0 0 0 0 0 0 0 0 0 0 0 0 0 0 0 0 0 0 0 0 0 0 0 0 0 0 0 0 0 0 0 0 0 0 0 0 8 16 16 24 32 32 40 48 56 56 56 48 48 48 48 48 40 40 32 32 24 24 24 16 16 8 8 8 0 0 0 0 0 0 0 0 0 0 0 0 0 0 0 0 0 0 0 0 0 3 6 9 4 7 10 5 8 11 10 10 10 10 10 10 10 10 10 10 
0 0 0 0 0 0 0 0 0 0 0 0 0 0 0 0 0 0 0 0 0 0 9 18 18 27 36 36 45 54 63 67 62 57 52 56 51 46 50 45 46 44 42 31 29 27 25 23 12 10 7 5 3 10 8 6 4 2 9 7 0 0 9 18 18 27 36 36 45 54 63 54 54 45 36 36 27 18 18 9 0 0 0 0 0 0 0 0 0 0 0 0 0 0 0 0 0 0 0 0 0 0 0 0 0 0 0 0 0 0 0 0 0 0 0 0 0 0 0 0 0 0 0 0 0 0 0 0 0 0 0 0 9 18 18 27 36 36 45 54 63 63 63 54 54 54 54 54 45 45 36 36 27 27 27 18 18 9 9 9 0 0 0 0 0 0 0 0 0 0 0 0 0 0 0 0 0 0 0 0 0 3 6 9 3 6 9 3 6 9 7 7 7 7 7 7 7 7 7 7 
0 0 0 0 0 0 0 0 0 0 0 0 0 0 0 0 0 0 0 0 0 7 14 21 28 35 42 49 56 63 77 74 71 68 65 62 59 56 53 50 41 37 33 29 25 21 17 13 9 5 0 0 0 0 0 0 0 0 0 0 0 7 14 21 28 35 42 49 56 63 76 69 62 55 48 41 34 27 20 13 0 0 0 0 0 0 0 0 0 0 0 0 0 0 0 0 0 0 0 0 0 0 0 0 0 0 0 0 0 0 0 0 0 0 0 0 0 0 0 0 0 0 0 0 0 0 0 0 0 0 0 7 14 21 28 35 42 49 56 63 75 73 71 69 67 65 63 61 59 57 47 43 39 35 31 27 23 19 15 11 0 0 0 0 0 0 0 0 0 0 0 0 0 0 0 0 0 0 0 0 0 0 0 0 0 0 0 0 0 0 0 0 0 0 0 0 0 0 0 0 
0 0 0 0 0 0 0 0 0 0 0 0 1 2 3 4 4 5 6 7 8 13 19 25 31 37 42 49 55 61 73 70 67 64 61 58 55 52 49 46 37 34 30 27 23 19 16 12 9 5 0 0 0 0 0 0 0 0 0 0 0 7 14 20 27 33 40 47 53 60 73 66 60 54 48 41 34 28 21 15 4 3 3 3 2 2 1 1 1 0 0 0 0 0 0 0 0 0 0 0 0 0 0 0 0 0 0 0 0 0 0 0 0 0 0 0 0 0 0 0 0 0 0 0 0 0 0 0 0 0 0 7 14 21 28 36 43 50 57 64 77 74 71 69 67 64 61 59 56 53 43 39 36 32 28 25 21 18 14 10 0 0 0 0 0 0 0 0 0 0 0 0 0 0 0 0 0 0 0 0 0 0 0 0 0 0 0 0 0 0 0 0 0 0 0 0 0 0 0 0 
0 0 0 0 0 0 0 0 0 0 0 0 2 4 6 8 8 10 12 14 16 19 24 29 34 39 42 49 54 59 69 66 63 60 57 54 51 48 45 42 33 31 27 25 21 17 15 11 9 5 0 0 0 0 0 0 0 0 0 0 0 7 14 19 26 31 38 45 50 57 70 63 58 53 48 41 34 29 22 17 8 6 6 6 4 4 2 2 2 0 0 0 0 0 0 0 0 0 0 0 0 0 0 0 0 0 0 0 0 0 0 0 0 0 0 0 0 0 0 0 0 0 0 0 0 0 0 0 0 0 0 7 14 21 28 37 44 51 58 65 79 75 71 69 67 63 59 57 53 49 39 35 33 29 25 23 19 17 13 9 0 0 0 0 0 0 0 0 0 0 0 0 0 0 0 0 0 0 0 0 0 0 0 0 0 0 0 0 0 0 0 0 0 0 0 0 0 0 0 0 
0 0 0 0 0 0 0 0 0 0 0 0 3 6 9 12 12 15 18 21 24 25 29 33 37 41 42 49 53 57 65 62 59 56 53 50 47 44 41 38 29 28 24 23 19 15 14 10 9 5 0 0 0 0 0 0 0 0 0 0 0 7 14 18 25 29 36 43 47 54 67 60 56 52 48 41 34 30 23 19 12 9 9 9 6 6 3 3 3 0 0 0 0 0 0 0 0 0 0 0 0 0 0 0 0 0 0 0 0 0 0 0 0 0 0 0 0 0 0 0 0 0 0 0 0 0 0 0 0 0 0 7 14 21 28 38 45 52 59 66 81 76 71 69 67 62 57 55 50 45 35 31 30 26 22 21 17 16 12 8 0 0 0 0 0 0 0 0 0 0 0 0 0 0 0 0 0 0 0 0 0 0 0 0 0 0 0 0 0 0 0 0 0 0 0 0 0 0 0 0 
0 0 0 0 0 0 0 0 0 0 0 0 4 8 12 16 16 20 24 28 32 31 34 37 40 43 42 49 52 55 61 58 55 52 49 46 43 40 37 34 25 25 21 21 17 13 13 9 9 5 0 0 0 0 0 0 0 0 0 0 0 7 14 17 24 27 34 41 44 51 64 57 54 51 48 41 34 31 24 21 16 12 12 12 8 8 4 4 4 0 0 0 0 0 0 0 0 0 0 0 0 0 0 0 0 0 0 0 0 0 0 0 0 0 0 0 0 0 0 0 0 0 0 0 0 0 0 0 0 0 0 7 14 21 28 39 46 53 60 67 83 77 71 69 67 61 55 53 47 41 31 27 27 23 19 19 15 15 11 7 0 0 0 0 0 0 0 0 0 0 0 0 0 0 0 0 0 0 0 0 0 0 0 0 0 0 0 0 0 0 0 0 0 0 0 0 0 0 0 0 
0 0 0 0 0 0 0 0 0 0 0 0 5 10 15 20 20 25 30 35 40 37 39 41 43 45 42 49 51 53 57 54 51 48 45 42 39 36 33 30 21 22 18 19 15 11 12 8 9 5 0 0 0 0 0 0 0 0 0 0 0 7 14 16 23 25 32 39 41 48 61 54 52 50 48 41 34 32 25 23 20 15 15 15 10 10 5 5 5 0 0 0 0 0 0 0 0 0 0 0 0 0 0 0 0 0 0 0 0 0 0 0 0 0 0 0 0 0 0 0 0 0 0 0 0 0 0 0 0 0 0 7 14 21 28 40 47 54 61 68 85 78 71 69 67 60 53 51 44 37 27 23 24 20 16 17 13 14 10 6 0 0 0 0 0 0 0 0 0 0 0 0 0 0 0 0 0 0 0 0 0 0 0 0 0 0 0 0 0 0 0 0 0 0 0 0 0 0 0 0 
0 0 0 0 0 0 0 0 0 0 0 0 6 12 18 24 24 30 36 42 48 43 44 45 46 47 42 49 50 51 53 50 47 44 41 38 35 32 29 26 17 19 15 17 13 9 11 7 9 5 0 0 0 0 0 0 0 0 0 0 0 7 14 15 22 23 30 37 38 45 58 51 50 49 48 41 34 33 26 25 24 18 18 18 12 12 6 6 6 0 0 0 0 0 0 0 0 0 0 0 0 0 0 0 0 0 0 0 0 0 0 0 0 0 0 0 0 0 0 0 0 0 0 0 0 0 0 0 0 0 0 7 14 21 28 41 48 55 62 69 87 79 71 69 67 59 51 49 41 33 23 19 21 17 13 15 11 13 9 5 0 0 0 0 0 0 0 0 0 0 0 0 0 0 0 0 0 0 0 0 0 0 0 0 0 0 0 0 0 0 0 0 0 0 0 0 0 0 0 0 
0 0 0 0 0 0 0 0 0 0 0 0 7 14 21 28 28 35 42 49 56 49 49 49 49 49 42 49 49 49 49 46 43 40 37 34 31 28 25 22 13 16 12 15 11 7 10 6 9 5 0 0 0 0 0 0 0 0 0 0 0 7 14 14 21 21 28 35 35 42 55 48 48 48 48 41 34 34 27 27 28 21 21 21 14 14 7 7 7 0 0 0 0 0 0 0 0 0 0 0 0 0 0 0 0 0 0 0 0 0 0 0 0 0 0 0 0 0 0 0 0 0 0 0 0 0 0 0 0 0 0 7 14 21 28 42 49 56 63 70 89 80 71 69 67 58 49 47 38 29 19 15 18 14 10 13 9 12 8 4 0 0 0 0 0 0 0 0 0 0 0 0 0 0 0 0 0 0 0 0 0 0 0 0 0 0 0 0 0 0 0 0 0 0 0 0 0 0 0 0 
0 0 0 0 0 0 0 0 0 0 0 0 8 16 24 32 32 40 48 56 64 55 54 53 52 51 42 49 48 47 45 42 39 36 33 30 27 24 21 18 9 13 9 13 9 5 9 5 9 5 0 0 0 0 0 0 0 0 0 0 0 7 14 13 20 19 26 33 32 39 52 45 46 47 48 41 34 35 28 29 32 24 24 24 16 16 8 8 8 0 0 0 0 0 0 0 0 0 0 0 0 0 0 0 0 0 0 0 0 0 0 0 0 0 0 0 0 0 0 0 0 0 0 0 0 0 0 0 0 0 0 7 14 21 28 43 50 57 64 71 91 81 71 69 67 57 47 45 35 25 15 11 15 11 7 11 7 11 7 3 0 0 0 0 0 0 0 0 0 0 0 0 0 0 0 0 0 0 0 0 0 0 0 0 0 0 0 0 0 0 0 0 0 0 0 0 0 0 0 0 
0 0 0 0 0 0 0 0 0 0 0 0 9 18 27 36 36 45 54 63 72 61 59 57 55 53 42 49 47 45 41 38 35 32 29 26 23 20 17 14 5 10 6 11 7 3 8 4 9 5 0 0 0 0 0 0 0 0 0 0 0 7 14 12 19 17 24 31 29 36 49 42 44 46 48 41 34 36 29 31 36 27 27 27 18 18 9 9 9 0 0 0 0 0 0 0 0 0 0 0 0 0 0 0 0 0 0 0 0 0 0 0 0 0 0 0 0 0 0 0 0 0 0 0 0 0 0 0 0 0 0 7 14 21 28 44 51 58 65 72 93 82 71 69 67 56 45 43 32 21 11 7 12 8 4 9 5 10 6 2 0 0 0 0 0 0 0 0 0 0 0 0 0 0 0 0 0 0 0 0 0 0 0 0 0 0 0 0 0 0 0 0 0 0 0 0 0 0 0 0 
0 0 0 0 0 0 0 0 0 0 0 8 16 24 32 40 48 56 64 72 81 76 71 66 61 56 51 46 41 36 31 28 25 22 19 16 13 10 7 4 0 0 0 0 0 0 0 0 0 0 0 0 0 0 0 0 0 0 0 0 0 3 6 9 12 15 18 21 24 27 39 39 39 39 39 39 39 39 39 39 42 38 34 30 26 22 18 14 10 6 0 0 0 0 0 0 0 0 0 0 0 0 0 0 0 0 0 0 0 0 0 0 0 0 0 0 0 0 0 0 0 0 0 0 0 0 0 0 0 0 0 9 18 27 36 45 54 63 72 81 95 86 77 68 59 50 41 32 23 14 0 0 0 0 0 0 0 0 0 0 0 0 0 0 0 0 0 0 0 0 0 0 0 0 0 0 0 0 0 0 0 0 0 0 0 0 0 0 0 0 0 0 0 0 0 0 0 0 0 0 
0 0 1 2 3 4 5 6 7 8 9 16 23 30 38 45 52 59 66 74 81 76 71 66 61 56 50 45 40 34 28 26 23 20 18 15 12 9 7 4 0 0 0 0 0 0 0 0 0 0 0 0 0 0 1 1 1 2 2 2 3 5 8 11 14 17 19 22 25 28 39 39 39 39 38 38 37 37 37 36 38 35 31 27 24 20 17 13 9 6 0 0 0 0 0 0 0 0 0 0 0 0 0 0 0 0 0 0 0 0 0 0 0 0 0 0 0 0 0 0 0 0 0 0 0 0 0 0 0 0 0 9 17 25 33 41 49 57 65 73 86 78 70 62 54 45 37 29 21 13 0 0 0 0 0 0 0 0 0 0 0 0 0 0 0 0 0 0 0 0 0 0 0 0 1 1 1 2 2 2 3 3 3 2 2 2 1 1 1 0 0 0 0 0 0 0 0 0 0 0 
0 0 2 4 6 8 10 12 14 16 18 24 30 36 44 50 56 62 68 76 81 76 71 66 61 56 49 44 39 32 25 24 21 18 17 14 11 8 7 4 0 0 0 0 0 0 0 0 0 0 0 0 0 0 2 2 2 4 4 4 6 7 10 13 16 19 20 23 26 29 39 39 39 39 37 37 35 35 35 33 34 32 28 24 22 18 16 12 8 6 0 0 0 0 0 0 0 0 0 0 0 0 0 0 0 0 0 0 0 0 0 0 0 0 0 0 0 0 0 0 0 0 0 0 0 0 0 0 0 0 0 9 16 23 30 37 44 51 58 65 77 70 63 56 49 40 33 26 19 12 0 0 0 0 0 0 0 0 0 0 0 0 0 0 0 0 0 0 0 0 0 0 0 0 2 2 2 4 4 4 6 6 6 4 4 4 2 2 2 0 0 0 0 0 0 0 0 0 0 0 
0 0 3 6 9 12 15 18 21 24 27 32 37 42 50 55 60 65 70 78 81 76 71 66 61 56 48 43 38 30 22 22 19 16 16 13 10 7 7 4 0 0 0 0 0 0 0 0 0 0 0 0 0 0 3 3 3 6 6 6 9 9 12 15 18 21 21 24 27 30 39 39 39 39 36 36 33 33 33 30 30 29 25 21 20 16 15 11 7 6 0 0 0 0 0 0 0 0 0 0 0 0 0 0 0 0 0 0 0 0 0 0 0 0 0 0 0 0 0 0 0 0 0 0 0 0 0 0 0 0 0 9 15 21 27 33 39 45 51 57 68 62 56 50 44 35 29 23 17 11 0 0 0 0 0 0 0 0 0 0 0 0 0 0 0 0 0 0 0 0 0 0 0 0 3 3 3 6 6 6 9 9 9 6 6 6 3 3 3 0 0 0 0 0 0 0 0 0 0 0 
0 0 4 8 12 16 20 24 28 32 36 40 44 48 56 60 64 68 72 80 81 76 71 66 61 56 47 42 37 28 19 20 17 14 15 12 9 6 7 4 0 0 0 0 0 0 0 0 0 0 0 0 0 0 4 4 4 8 8 8 12 11 14 17 20 23 22 25 28 31 39 39 39 39 35 35 31 31 31 27 26 26 22 18 18 14 14 10 6 6 0 0 0 0 0 0 0 0 0 0 0 0 0 0 0 0 0 0 0 0 0 0 0 0 0 0 0 0 0 0 0 0 0 0 0 0 0 0 0 0 0 9 14 19 24 29 34 39 44 49 59 54 49 44 39 30 25 20 15 10 0 0 0 0 0 0 0 0 0 0 0 0 0 0 0 0 0 0 0 0 0 0 0 0 4 4 4 8 8 8 12 12 12 8 8 8 4 4 4 0 0 0 0 0 0 0 0 0 0 0 
0 0 5 10 15 20 25 30 35 40 45 48 51 54 62 65 68 71 74 82 81 76 71 66 61 56 46 41 36 26 16 18 15 12 14 11 8 5 7 4 0 0 0 0 0 0 0 0 0 0 0 0 0 0 5 5 5 10 10 10 15 13 16 19 22 25 23 26 29 32 39 39 39 39 34 34 29 29 29 24 22 23 19 15 16 12 13 9 5 6 0 0 0 0 0 0 0 0 0 0 0 0 0 0 0 0 0 0 0 0 0 0 0 0 0 0 0 0 0 0 0 0 0 0 0 0 0 0 0 0 0 9 13 17 21 25 29 33 37 41 50 46 42 38 34 25 21 17 13 9 0 0 0 0 0 0 0 0 0 0 0 0 0 0 0 0 0 0 0 0 0 0 0 0 5 5 5 10 10 10 15 15 15 10 10 10 5 5 5 0 0 0 0 0 0 0 0 0 0 0 
0 0 6 12 18 24 30 36 42 48 54 56 58 60 68 70 72 74 76 84 81 76 71 66 61 56 45 40 35 24 13 16 13 10 13 10 7 4 7 4 0 0 0 0 0 0 0 0 0 0 0 0 0 0 6 6 6 12 12 12 18 15 18 21 24 27 24 27 30 33 39 39 39 39 33 33 27 27 27 21 18 20 16 12 14 10 12 8 4 6 0 0 0 0 0 0 0 0 0 0 0 0 0 0 0 0 0 0 0 0 0 0 0 0 0 0 0 0 0 0 0 0 0 0 0 0 0 0 0 0 0 9 12 15 18 21 24 27 30 33 41 38 35 32 29 20 17 14 11 8 0 0 0 0 0 0 0 0 0 0 0 0 0 0 0 0 0 0 0 0 0 0 0 0 6 6 6 12 12 12 18 18 18 12 12 12 6 6 6 0 0 0 0 0 0 0 0 0 0 0 
0 0 7 14 21 28 35 42 49 56 63 64 65 66 74 75 76 77 78 86 81 76 71 66 61 56 44 39 34 22 10 14 11 8 12 9 6 3 7 4 0 0 0 0 0 0 0 0 0 0 0 0 0 0 7 7 7 14 14 14 21 17 20 23 26 29 25 28 31 34 39 39 39 39 32 32 25 25 25 18 14 17 13 9 12 8 11 7 3 6 0 0 0 0 0 0 0 0 0 0 0 0 0 0 0 0 0 0 0 0 0 0 0 0 0 0 0 0 0 0 0 0 0 0 0 0 0 0 0 0 0 9 11 13 15 17 19 21 23 25 32 30 28 26 24 15 13 11 9 7 0 0 0 0 0 0 0 0 0 0 0 0 0 0 0 0 0 0 0 0 0 0 0 0 7 7 7 14 14 14 21 21 21 14 14 14 7 7 7 0 0 0 0 0 0 0 0 0 0 0 
0 0 8 16 24 32 40 48 56 64 72 72 72 72 80 80 80 80 80 88 81 76 71 66 61 56 43 38 33 20 7 12 9 6 11 8 5 2 7 4 0 0 0 0 0 0 0 0 0 0 0 0 0 0 8 8 8 16 16 16 24 19 22 25 28 31 26 29 32 35 39 39 39 39 31 31 23 23 23 15 10 14 10 6 10 6 10 6 2 6 0 0 0 0 0 0 0 0 0 0 0 0 0 0 0 0 0 0 0 0 0 0 0 0 0 0 0 0 0 0 0 0 0 0 0 0 0 0 0 0 0 9 10 11 12 13 14 15 16 17 23 22 21 20 19 10 9 8 7 6 0 0 0 0 0 0 0 0 0 0 0 0 0 0 0 0 0 0 0 0 0 0 0 0 8 8 8 16 16 16 24 24 24 16 16 16 8 8 8 0 0 0 0 0 0 0 0 0 0 0 
0 0 9 18 27 36 45 54 63 72 81 80 79 78 86 85 84 83 82 90 81 76 71 66 61 56 42 37 32 18 4 10 7 4 10 7 4 1 7 4 0 0 0 0 0 0 0 0 0 0 0 0 0 0 9 9 9 18 18 18 27 21 24 27 30 33 27 30 33 36 39 39 39 39 30 30 21 21 21 12 6 11 7 3 8 4 9 5 1 6 0 0 0 0 0 0 0 0 0 0 0 0 0 0 0 0 0 0 0 0 0 0 0 0 0 0 0 0 0 0 0 0 0 0 0 0 0 0 0 0 0 9 9 9 9 9 9 9 9 9 14 14 14 14 14 5 5 5 5 5 0 0 0 0 0 0 0 0 0 0 0 0 0 0 0 0 0 0 0 0 0 0 0 0 9 9 9 18 18 18 27 27 27 18 18 18 9 9 9 0 0 0 0 0 0 0 0 0 0 0 
0 9 18 27 36 45 54 63 72 81 93 93 93 93 93 93 93 93 93 93 87 79 71 63 55 47 39 31 23 15 0 0 0 0 0 0 0 0 0 0 0 0 0 0 0 0 0 0 0 0 0 3 6 9 12 15 18 21 24 27 30 31 32 33 34 35 36 37 38 39 43 39 35 31 27 23 19 15 11 7 0 0 0 0 0 0 0 0 0 0 0 0 0 0 0 0 0 0 0 0 0 0 0 0 0 0 0 0 0 0 0 0 0 0 0 0 0 0 0 0 0 0 0 0 0 0 0 0 0 0 0 0 0 0 0 0 0 0 0 0 0 0 0 0 0 0 0 0 0 0 0 0 0 0 0 0 0 0 0 0 0 0 0 0 0 0 0 0 0 0 0 3 6 9 12 15 18 21 24 27 36 33 30 27 24 21 18 15 12 9 0 0 0 0 0 0 0 0 0 0 
0 9 17 26 34 42 51 59 68 76 88 87 87 87 87 86 86 86 85 85 79 72 64 57 50 43 36 28 21 14 0 0 0 0 0 0 0 0 0 0 0 0 0 0 0 0 0 0 0 0 0 3 6 9 11 14 17 19 22 25 27 28 29 30 31 32 33 34 35 36 39 36 32 28 25 21 18 14 10 7 0 0 0 0 0 0 0 0 0 0 0 0 0 0 0 0 0 0 0 0 0 0 0 0 0 0 0 0 0 0 0 0 0 0 0 0 0 0 0 0 0 0 0 0 0 0 0 0 0 0 0 0 1 2 3 4 5 6 7 8 9 8 8 7 6 5 4 3 2 1 0 0 0 0 0 0 0 0 0 0 0 0 0 1 1 2 2 2 3 3 4 7 10 13 16 19 22 25 28 31 40 36 33 29 26 23 19 16 12 9 0 0 0 0 0 0 0 0 0 0 
0 9 16 25 32 39 48 55 64 71 83 81 81 81 81 79 79 79 77 77 71 65 57 51 45 39 33 25 19 13 0 0 0 0 0 0 0 0 0 0 0 0 0 0 0 0 0 0 0 0 0 3 6 9 10 13 16 17 20 23 24 25 26 27 28 29 30 31 32 33 35 33 29 25 23 19 17 13 9 7 0 0 0 0 0 0 0 0 0 0 0 0 0 0 0 0 0 0 0 0 0 0 0 0 0 0 0 0 0 0 0 0 0 0 0 0 0 0 0 0 0 0 0 0 0 0 0 0 0 0 0 0 2 4 6 8 10 12 14 16 18 16 16 14 12 10 8 6 4 2 0 0 0 0 0 0 0 0 0 0 0 0 0 2 2 4 4 4 6 6 8 11 14 17 20 23 26 29 32 35 44 39 36 31 28 25 20 17 12 9 0 0 0 0 0 0 0 0 0 0 
0 9 15 24 30 36 45 51 60 66 78 75 75 75 75 72 72 72 69 69 63 58 50 45 40 35 30 22 17 12 0 0 0 0 0 0 0 0 0 0 0 0 0 0 0 0 0 0 0 0 0 3 6 9 9 12 15 15 18 21 21 22 23 24 25 26 27 28 29 30 31 30 26 22 21 17 16 12 8 7 0 0 0 0 0 0 0 0 0 0 0 0 0 0 0 0 0 0 0 0 0 0 0 0 0 0 0 0 0 0 0 0 0 0 0 0 0 0 0 0 0 0 0 0 0 0 0 0 0 0 0 0 3 6 9 12 15 18 21 24 27 24 24 21 18 15 12 9 6 3 0 0 0 0 0 0 0 0 0 0 0 0 0 3 3 6 6 6 9 9 12 15 18 21 24 27 30 33 36 39 48 42 39 33 30 27 21 18 12 9 0 0 0 0 0 0 0 0 0 0 
0 9 14 23 28 33 42 47 56 61 73 69 69 69 69 65 65 65 61 61 55 51 43 39 35 31 27 19 15 11 0 0 0 0 0 0 0 0 0 0 0 0 0 0 0 0 0 0 0 0 0 3 6 9 8 11 14 13 16 19 18 19 20 21 22 23 24 25 26 27 27 27 23 19 19 15 15 11 7 7 0 0 0 0 0 0 0 0 0 0 0 0 0 0 0 0 0 0 0 0 0 0 0 0 0 0 0 0 0 0 0 0 0 0 0 0 0 0 0 0 0 0 0 0 0 0 0 0 0 0 0 0 4 8 12 16 20 24 28 32 36 32 32 28 24 20 16 12 8 4 0 0 0 0 0 0 0 0 0 0 0 0 0 4 4 8 8 8 12 12 16 19 22 25 28 31 34 37 40 43 52 45 42 35 32 29 22 19 12 9 0 0 0 0 0 0 0 0 0 0 
0 9 13 22 26 30 39 43 52 56 68 63 63 63 63 58 58 58 53 53 47 44 36 33 30 27 24 16 13 10 0 0 0 0 0 0 0 0 0 0 0 0 0 0 0 0 0 0 0 0 0 3 6 9 7 10 13 11 14 17 15 16 17 18 19 20 21 22 23 24 23 24 20 16 17 13 14 10 6 7 0 0 0 0 0 0 0 0 0 0 0 0 0 0 0 0 0 0 0 0 0 0 0 0 0 0 0 0 0 0 0 0 0 0 0 0 0 0 0 0 0 0 0 0 0 0 0 0 0 0 0 0 5 10 15 20 25 30 35 40 45 40 40 35 30 25 20 15 10 5 0 0 0 0 0 0 0 0 0 0 0 0 0 5 5 10 10 10 15 15 20 23 26 29 32 35 38 41 44 47 56 48 45 37 34 31 23 20 12 9 0 0 0 0 0 0 0 0 0 0 
0 9 12 21 24 27 36 39 48 51 63 57 57 57 57 51 51 51 45 45 39 37 29 27 25 23 21 13 11 9 0 0 0 0 0 0 0 0 0 0 0 0 0 0 0 0 0 0 0 0 0 3 6 9 6 9 12 9 12 15 12 13 14 15 16 17 18 19 20 21 19 21 17 13 15 11 13 9 5 7 0 0 0 0 0 0 0 0 0 0 0 0 0 0 0 0 0 0 0 0 0 0 0 0 0 0 0 0 0 0 0 0 0 0 0 0 0 0 0 0 0 0 0 0 0 0 0 0 0 0 0 0 6 12 18 24 30 36 42 48 54 48 48 42 36 30 24 18 12 6 0 0 0 0 0 0 0 0 0 0 0 0 0 6 6 12 12 12 18 18 24 27 30 33 36 39 42 45 48 51 60 51 48 39 36 33 24 21 12 9 0 0 0 0 0 0 0 0 0 0 
0 9 11 20 22 24 33 35 44 46 58 51 51 51 51 44 44 44 37 37 31 30 22 21 20 19 18 10 9 8 0 0 0 0 0 0 0 0 0 0 0 0 0 0 0 0 0 0 0 0 0 3 6 9 5 8 11 7 10 13 9 10 11 12 13 14 15 16 17 18 15 18 14 10 13 9 12 8 4 7 0 0 0 0 0 0 0 0 0 0 0 0 0 0 0 0 0 0 0 0 0 0 0 0 0 0 0 0 0 0 0 0 0 0 0 0 0 0 0 0 0 0 0 0 0 0 0 0 0 0 0 0 7 14 21 28 35 42 49 56 63 56 56 49 42 35 28 21 14 7 0 0 0 0 0 0 0 0 0 0 0 0 0 7 7 14 14 14 21 21 28 31 34 37 40 43 46 49 52 55 64 54 51 41 38 35 25 22 12 9 0 0 0 0 0 0 0 0 0 0 
0 9 10 19 20 21 30 31 40 41 53 45 45 45 45 37 37 37 29 29 23 23 15 15 15 15 15 7 7 7 0 0 0 0 0 0 0 0 0 0 0 0 0 0 0 0 0 0 0 0 0 3 6 9 4 7 10 5 8 11 6 7 8 9 10 11 12 13 14 15 11 15 11 7 11 7 11 7 3 7 0 0 0 0 0 0 0 0 0 0 0 0 0 0 0 0 0 0 0 0 0 0 0 0 0 0 0 0 0 0 0 0 0 0 0 0 0 0 0 0 0 0 0 0 0 0 0 0 0 0 0 0 8 16 24 32 40 48 56 64 72 64 64 56 48 40 32 24 16 8 0 0 0 0 0 0 0 0 0 0 0 0 0 8 8 16 16 16 24 24 32 35 38 41 44 47 50 53 56 59 68 57 54 43 40 37 26 23 12 9 0 0 0 0 0 0 0 0 0 0 
0 9 9 18 18 18 27 27 36 36 48 39 39 39 39 30 30 30 21 21 15 16 8 9 10 11 12 4 5 6 0 0 0 0 0 0 0 0 0 0 0 0 0 0 0 0 0 0 0 0 0 3 6 9 3 6 9 3 6 9 3 4 5 6 7 8 9 10 11 12 7 12 8 4 9 5 10 6 2 7 0 0 0 0 0 0 0 0 0 0 0 0 0 0 0 0 0 0 0 0 0 0 0 0 0 0 0 0 0 0 0 0 0 0 0 0 0 0 0 0 0 0 0 0 0 0 0 0 0 0 0 0 9 18 27 36 45 54 63 72 81 72 72 63 54 45 36 27 18 9 0 0 0 0 0 0 0 0 0 0 0 0 0 9 9 18 18 18 27 27 36 39 42 45 48 51 54 57 60 63 72 60 57 45 42 39 27 24 12 9 0 0 0 0 0 0 0 0 0 0 
0 3 6 9 12 15 18 21 24 27 36 33 30 27 24 21 18 15 12 9 0 0 0 0 0 0 0 0 0 0 0 0 0 0 0 0 0 0 0 0 0 0 0 0 0 0 0 0 0 0 0 0 0 0 0 0 0 0 0 0 0 0 0 0 0 0 0 0 0 0 0 0 0 0 0 0 0 0 0 0 0 0 0 0 0 0 0 0 0 0 0 0 0 0 0 0 0 0 0 0 0 0 0 0 0 0 0 0 0 0 0 0 0 0 0 0 0 0 0 0 0 0 0 0 0 0 0 0 0 0 0 9 18 27 36 45 54 63 72 81 98 89 80 71 62 53 44 35 26 17 0 0 0 0 0 0 0 0 0 0 0 4 8 12 16 20 24 28 32 36 43 46 49 52 55 58 61 64 67 70 77 70 63 56 49 42 35 28 21 14 0 0 0 0 0 0 0 0 0 0 
0 3 6 9 12 15 18 21 24 27 36 34 31 29 27 24 22 20 17 15 8 7 6 6 5 4 3 2 2 1 0 0 0 0 0 0 0 0 0 0 0 0 0 0 0 0 0 0 0 0 0 0 0 0 0 0 0 0 0 0 0 0 0 0 0 0 0 0 0 0 0 0 0 0 0 0 0 0 0 0 0 0 0 0 0 0 0 0 0 0 0 0 0 0 0 0 0 0 0 0 0 0 0 0 0 0 0 0 0 0 0 0 0 0 0 0 0 0 0 0 0 0 0 0 0 0 0 0 0 0 0 9 17 25 33 41 49 57 65 73 89 81 72 64 56 48 40 32 24 16 0 0 0 1 1 2 2 2 3 3 4 7 11 15 18 22 25 29 33 36 43 45 48 50 52 55 57 59 62 64 70 63 57 51 45 38 32 26 19 13 0 0 0 0 0 0 0 0 0 0 
0 3 6 9 12 15 18 21 24 27 36 35 32 31 30 27 26 25 22 21 16 14 12 12 10 8 6 4 4 2 0 0 0 0 0 0 0 0 0 0 0 0 0 0 0 0 0 0 0 0 0 0 0 0 0 0 0 0 0 0 0 0 0 0 0 0 0 0 0 0 0 0 0 0 0 0 0 0 0 0 0 0 0 0 0 0 0 0 0 0 0 0 0 0 0 0 0 0 0 0 0 0 0 0 0 0 0 0 0 0 0 0 0 0 0 0 0 0 0 0 0 0 0 0 0 0 0 0 0 0 0 9 16 23 30 37 44 51 58 65 80 73 64 57 50 43 36 29 22 15 0 0 0 2 2 4 4 4 6 6 8 10 14 18 20 24 26 30 34 36 43 44 47 48 49 52 53 54 57 58 63 56 51 46 41 34 29 24 17 12 0 0 0 0 0 0 0 0 0 0 
0 3 6 9 12 15 18 21 24 27 36 36 33 33 33 30 30 30 27 27 24 21 18 18 15 12 9 6 6 3 0 0 0 0 0 0 0 0 0 0 0 0 0 0 0 0 0 0 0 0 0 0 0 0 0 0 0 0 0 0 0 0 0 0 0 0 0 0 0 0 0 0 0 0 0 0 0 0 0 0 0 0 0 0 0 0 0 0 0 0 0 0 0 0 0 0 0 0 0 0 0 0 0 0 0 0 0 0 0 0 0 0 0 0 0 0 0 0 0 0 0 0 0 0 0 0 0 0 0 0 0 9 15 21 27 33 39 45 51 57 71 65 56 50 44 38 32 26 20 14 0 0 0 3 3 6 6 6 9 9 12 13 17 21 22 26 27 31 35 36 43 43 46 46 46 49 49 49 52 52 56 49 45 41 37 30 26 22 15 11 0 0 0 0 0 0 0 0 0 0 
0 3 6 9 12 15 18 21 24 27 36 37 34 35 36 33 34 35 32 33 32 28 24 24 20 16 12 8 8 4 0 0 0 0 0 0 0 0 0 0 0 0 0 0 0 0 0 0 0 0 0 0 0 0 0 0 0 0 0 0 0 0 0 0 0 0 0 0 0 0 0 0 0 0 0 0 0 0 0 0 0 0 0 0 0 0 0 0 0 0 0 0 0 0 0 0 0 0 0 0 0 0 0 0 0 0 0 0 0 0 0 0 0 0 0 0 0 0 0 0 0 0 0 0 0 0 0 0 0 0 0 9 14 19 24 29 34 39 44 49 62 57 48 43 38 33 28 23 18 13 0 0 0 4 4 8 8 8 12 12 16 16 20 24 24 28 28 32 36 36 43 42 45 44 43 46 45 44 47 46 49 42 39 36 33 26 23 20 13 10 0 0 0 0 0 0 0 0 0 0 
0 3 6 9 12 15 18 21 24 27 36 38 35 37 39 36 38 40 37 39 40 35 30 30 25 20 15 10 10 5 0 0 0 0 0 0 0 0 0 0 0 0 0 0 0 0 0 0 0 0 0 0 0 0 0 0 0 0 0 0 0 0 0 0 0 0 0 0 0 0 0 0 0 0 0 0 0 0 0 0 0 0 0 0 0 0 0 0 0 0 0 0 0 0 0 0 0 0 0 0 0 0 0 0 0 0 0 0 0 0 0 0 0 0 0 0 0 0 0 0 0 0 0 0 0 0 0 0 0 0 0 9 13 17 21 25 29 33 37 41 53 49 40 36 32 28 24 20 16 12 0 0 0 5 5 10 10 10 15 15 20 19 23 27 26 30 29 33 37 36 43 41 44 42 40 43 41 39 42 40 42 35 33 31 29 22 20 18 11 9 0 0 0 0 0 0 0 0 0 0 
0 3 6 9 12 15 18 21 24 27 36 39 36 39 42 39 42 45 42 45 48 42 36 36 30 24 18 12 12 6 0 0 0 0 0 0 0 0 0 0 0 0 0 0 0 0 0 0 0 0 0 0 0 0 0 0 0 0 0 0 0 0 0 0 0 0 0 0 0 0 0 0 0 0 0 0 0 0 0 0 0 0 0 0 0 0 0 0 0 0 0 0 0 0 0 0 0 0 0 0 0 0 0 0 0 0 0 0 0 0 0 0 0 0 0 0 0 0 0 0 0 0 0 0 0 0 0 0 0 0 0 9 12 15 18 21 24 27 30 33 44 41 32 29 26 23 20 17 14 11 0 0 0 6 6 12 12 12 18 18 24 22 26 30 28 32 30 34 38 36 43 40 43 40 37 40 37 34 37 34 35 28 27 26 25 18 17 16 9 8 0 0 0 0 0 0 0 0 0 0 
0 3 6 9 12 15 18 21 24 27 36 40 37 41 45 42 46 50 47 51 56 49 42 42 35 28 21 14 14 7 0 0 0 0 0 0 0 0 0 0 0 0 0 0 0 0 0 0 0 0 0 0 0 0 0 0 0 0 0 0 0 0 0 0 0 0 0 0 0 0 0 0 0 0 0 0 0 0 0 0 0 0 0 0 0 0 0 0 0 0 0 0 0 0 0 0 0 0 0 0 0 0 0 0 0 0 0 0 0 0 0 0 0 0 0 0 0 0 0 0 0 0 0 0 0 0 0 0 0 0 0 9 11 13 15 17 19 21 23 25 35 33 24 22 20 18 16 14 12 10 0 0 0 7 7 14 14 14 21 21 28 25 29 33 30 34 31 35 39 36 43 39 42 38 34 37 33 29 32 28 28 21 21 21 21 14 14 14 7 7 0 0 0 0 0 0 0 0 0 0 
0 3 6 9 12 15 18 21 24 27 36 41 38 43 48 45 50 55 52 57 64 56 48 48 40 32 24 16 16 8 0 0 0 0 0 0 0 0 0 0 0 0 0 0 0 0 0 0 0 0 0 0 0 0 0 0 0 0 0 0 0 0 0 0 0 0 0 0 0 0 0 0 0 0 0 0 0 0 0 0 0 0 0 0 0 0 0 0 0 0 0 0 0 0 0 0 0 0 0 0 0 0 0 0 0 0 0 0 0 0 0 0 0 0 0 0 0 0 0 0 0 0 0 0 0 0 0 0 0 0 0 9 10 11 12 13 14 15 16 17 26 25 16 15 14 13 12 11 10 9 0 0 0 8 8 16 16 16 24 24 32 28 32 36 32 36 32 36 40 36 43 38 41 36 31 34 29 24 27 22 21 14 15 16 17 10 11 12 5 6 0 0 0 0 0 0 0 0 0 0 
0 3 6 9 12 15 18 21 24 27 36 42 39 45 51 48 54 60 57 63 72 63 54 54 45 36 27 18 18 9 0 0 0 0 0 0 0 0 0 0 0 0 0 0 0 0 0 0 0 0 0 0 0 0 0 0 0 0 0 0 0 0 0 0 0 0 0 0 0 0 0 0 0 0 0 0 0 0 0 0 0 0 0 0 0 0 0 0 0 0 0 0 0 0 0 0 0 0 0 0 0 0 0 0 0 0 0 0 0 0 0 0 0 0 0 0 0 0 0 0 0 0 0 0 0 0 0 0 0 0 0 9 9 9 9 9 9 9 9 9 17 17 8 8 8 8 8 8 8 8 0 0 0 9 9 18 18 18 27 27 36 31 35 39 34 38 33 37 41 36 43 37 40 34 28 31 25 19 22 16 14 7 9 11 13 6 8 10 3 5 0 0 0 0 0 0 0 0 0 0 
0 3 6 9 12 15 18 21 24 27 39 43 47 51 55 59 63 67 71 75 84 76 68 60 52 44 36 28 20 12 0 0 0 0 0 0 0 0 0 0 0 0 0 0 0 0 0 0 0 0 0 0 0 0 0 0 0 0 0 0 0 0 0 0 0 0 0 0 0 0 0 0 0 0 0 0 0 0 0 0 0 0 0 0 0 0 0 0 0 0 0 0 0 0 0 0 0 0 0 0 0 0 0 0 0 0 0 0 0 0 0 0 0 0 0 0 0 0 0 0 0 0 0 0 0 0 0 0 0 0 0 0 0 0 0 0 0 0 0 0 0 0 0 0 0 0 0 0 0 0 0 4 8 12 16 20 24 28 32 36 43 43 43 43 43 43 43 43 43 43 40 36 32 28 24 20 16 12 8 4 0 0 0 0 0 0 0 0 0 0 0 0 0 0 0 0 0 0 0 0 
0 1 3 6 9 12 15 18 21 24 39 41 44 47 51 55 59 63 67 71 84 80 74 67 59 51 43 35 27 19 0 0 0 0 0 0 0 0 0 0 0 0 0 0 0 0 0 0 0 0 0 0 0 0 0 0 0 0 0 0 0 0 0 0 0 0 0 0 0 0 0 0 0 0 0 0 0 0 0 0 0 0 0 0 0 0 0 0 0 0 0 0 0 0 0 0 0 0 0 0 0 0 0 0 0 0 0 0 0 0 0 0 0 0 0 0 0 0 0 0 0 0 0 0 0 0 0 0 0 0 0 0 0 0 0 0 0 0 0 0 0 0 0 0 0 0 0 0 0 0 0 2 5 8 12 16 20 24 28 32 43 43 43 43 43 43 43 43 43 43 40 38 35 31 27 23 19 15 11 7 0 0 0 0 0 0 0 0 0 0 0 0 0 0 0 0 0 0 0 0 
0 1 3 6 9 12 15 18 21 24 39 41 44 47 51 55 59 63 67 71 84 80 74 67 59 51 43 35 27 19 0 0 0 0 0 0 0 0 0 0 0 0 0 0 0 0 0 0 0 0 0 0 0 0 0 0 0 0 0 0 0 0 0 0 0 0 0 0 0 0 0 0 0 0 0 0 0 0 0 0 0 0 0 0 0 0 0 0 0 0 0 0 0 0 0 0 0 0 0 0 0 0 0 0 0 0 0 0 0 0 0 0 0 0 0 0 0 0 0 0 0 0 0 0 0 0 0 0 0 0 0 0 0 0 0 0 0 0 0 0 0 0 0 0 0 0 0 0 0 0 0 2 5 8 12 16 20 24 28 32 43 43 43 43 43 43 43 43 43 43 40 38 35 31 27 23 19 15 11 7 0 0 0 0 0 0 0 0 0 0 0 0 0 0 0 0 0 0 0 0 
0 1 3 6 9 12 15 18 21 24 39 41 44 47 51 55 59 63 67 71 84 80 74 67 59 51 43 35 27 19 0 0 0 0 0 0 0 0 0 0 0 0 0 0 0 0 0 0 0 0 0 0 0 0 0 0 0 0 0 0 0 0 0 0 0 0 0 0 0 0 0 0 0 0 0 0 0 0 0 0 0 0 0 0 0 0 0 0 0 0 0 0 0 0 0 0 0 0 0 0 0 0 0 0 0 0 0 0 0 0 0 0 0 0 0 0 0 0 0 0 0 0 0 0 0 0 0 0 0 0 0 0 0 0 0 0 0 0 0 0 0 0 0 0 0 0 0 0 0 0 0 2 5 8 12 16 20 24 28 32 43 43 43 43 43 43 43 43 43 43 40 38 35 31 27 23 19 15 11 7 0 0 0 0 0 0 0 0 0 0 0 0 0 0 0 0 0 0 0 0 
0 1 3 6 9 12 15 18 21 24 39 41 44 47 51 55 59 63 67 71 84 80 74 67 59 51 43 35 27 19 0 0 0 0 0 0 0 0 0 0 0 0 0 0 0 0 0 0 0 0 0 0 0 0 0 0 0 0 0 0 0 0 0 0 0 0 0 0 0 0 0 0 0 0 0 0 0 0 0 0 0 0 0 0 0 0 0 0 0 0 0 0 0 0 0 0 0 0 0 0 0 0 0 0 0 0 0 0 0 0 0 0 0 0 0 0 0 0 0 0 0 0 0 0 0 0 0 0 0 0 0 0 0 0 0 0 0 0 0 0 0 0 0 0 0 0 0 0 0 0 0 2 5 8 12 16 20 24 28 32 43 43 43 43 43 43 43 43 43 43 40 38 35 31 27 23 19 15 11 7 0 0 0 0 0 0 0 0 0 0 0 0 0 0 0 0 0 0 0 0 
0 1 3 6 9 12 15 18 21 24 39 41 44 47 51 55 59 63 67 71 84 80 74 67 59 51 43 35 27 19 0 0 0 0 0 0 0 0 0 0 0 0 0 0 0 0 0 0 0 0 0 0 0 0 0 0 0 0 0 0 0 0 0 0 0 0 0 0 0 0 0 0 0 0 0 0 0 0 0 0 0 0 0 0 0 0 0 0 0 0 0 0 0 0 0 0 0 0 0 0 0 0 0 0 0 0 0 0 0 0 0 0 0 0 0 0 0 0 0 0 0 0 0 0 0 0 0 0 0 0 0 0 0 0 0 0 0 0 0 0 0 0 0 0 0 0 0 0 0 0 0 2 5 8 12 16 20 24 28 32 43 43 43 43 43 43 43 43 43 43 40 38 35 31 27 23 19 15 11 7 0 0 0 0 0 0 0 0 0 0 0 0 0 0 0 0 0 0 0 0 
0 1 3 6 9 12 15 18 21 24 39 41 44 47 51 55 59 63 67 71 84 80 74 67 59 51 43 35 27 19 0 0 0 0 0 0 0 0 0 0 0 0 0 0 0 0 0 0 0 0 0 0 0 0 0 0 0 0 0 0 0 0 0 0 0 0 0 0 0 0 0 0 0 0 0 0 0 0 0 0 0 0 0 0 0 0 0 0 0 0 0 0 0 0 0 0 0 0 0 0 0 0 0 0 0 0 0 0 0 0 0 0 0 0 0 0 0 0 0 0 0 0 0 0 0 0 0 0 0 0 0 0 0 0 0 0 0 0 0 0 0 0 0 0 0 0 0 0 0 0 0 2 5 8 12 16 20 24 28 32 43 43 43 43 43 43 43 43 43 43 40 38 35 31 27 23 19 15 11 7 0 0 0 0 0 0 0 0 0 0 0 0 0 0 0 0 0 0 0 0 
0 1 3 6 9 12 15 18 21 24 39 41 44 47 51 55 59 63 67 71 84 80 74 67 59 51 43 35 27 19 0 0 0 0 0 0 0 0 0 0 0 0 0 0 0 0 0 0 0 0 0 0 0 0 0 0 0 0 0 0 0 0 0 0 0 0 0 0 0 0 0 0 0 0 0 0 0 0 0 0 0 0 0 0 0 0 0 0 0 0 0 0 0 0 0 0 0 0 0 0 0 0 0 0 0 0 0 0 0 0 0 0 0 0 0 0 0 0 0 0 0 0 0 0 0 0 0 0 0 0 0 0 0 0 0 0 0 0 0 0 0 0 0 0 0 0 0 0 0 0 0 2 5 8 12 16 20 24 28 32 43 43 43 43 43 43 43 43 43 43 40 38 35 31 27 23 19 15 11 7 0 0 0 0 0 0 0 0 0 0 0 0 0 0 0 0 0 0 0 0 
0 1 3 6 9 12 15 18 21 24 39 41 44 47 51 55 59 63 67 71 84 80 74 67 59 51 43 35 27 19 0 0 0 0 0 0 0 0 0 0 0 0 0 0 0 0 0 0 0 0 0 0 0 0 0 0 0 0 0 0 0 0 0 0 0 0 0 0 0 0 0 0 0 0 0 0 0 0 0 0 0 0 0 0 0 0 0 0 0 0 0 0 0 0 0 0 0 0 0 0 0 0 0 0 0 0 0 0 0 0 0 0 0 0 0 0 0 0 0 0 0 0 0 0 0 0 0 0 0 0 0 0 0 0 0 0 0 0 0 0 0 0 0 0 0 0 0 0 0 0 0 2 5 8 12 16 20 24 28 32 43 43 43 43 43 43 43 43 43 43 40 38 35 31 27 23 19 15 11 7 0 0 0 0 0 0 0 0 0 0 0 0 0 0 0 0 0 0 0 0 
0 1 3 6 9 12 15 18 21 24 39 41 44 47 51 55 59 63 67 71 84 80 74 67 59 51 43 35 27 19 0 0 0 0 0 0 0 0 0 0 0 0 0 0 0 0 0 0 0 0 0 0 0 0 0 0 0 0 0 0 0 0 0 0 0 0 0 0 0 0 0 0 0 0 0 0 0 0 0 0 0 0 0 0 0 0 0 0 0 0 0 0 0 0 0 0 0 0 0 0 0 0 0 0 0 0 0 0 0 0 0 0 0 0 0 0 0 0 0 0 0 0 0 0 0 0 0 0 0 0 0 0 0 0 0 0 0 0 0 0 0 0 0 0 0 0 0 0 0 0 0 2 5 8 12 16 20 24 28 32 43 43 43 43 43 43 43 43 43 43 40 38 35 31 27 23 19 15 11 7 0 0 0 0 0 0 0 0 0 0 0 0 0 0 0 0 0 0 0 0 
